word	isHomograph	biggest	biggest.stderr	dominance	NormDictRankAgreement	NumMeanings	p1	p2	p3	p4	p5	p6	pExistDef	dictsp1p2	dictsp1p3	dictsp1p4	dictsp1p5	sp1p2	sp1p3	sp1p4	sp1p5	sp1p6	NumSenses	NumInterpWordNet	verbInterp	nounInterp	adjectiveInterp	imag	inSFFAN	wordCaseSensitive	wf	log10wf	len	coltN	OLD	posBigram	nPhon	nSyll
affect	0	76	2.8	0.57	1	2	76	24	0	0	0	0	100	100	NA	NA	NA	100	100	100	100	100	4	6	3	1	0	N/A	1	affect	11.14	2.76	6	1	2.45	110	5	2
affected	0	80	2.8	0.65	1	2	80	20	0	0	0	0	100	100	NA	NA	NA	100	100	100	100	100	4	3	0	0	4	N/A	0	affected	6.76	2.54	8	1	2.55	1743	7	3
alley	0	98	0.4	0.98	1	2	98	2	0	0	0	0	100	100	NA	NA	NA	100	100	100	100	100	6	2	0	6	0	572	1	alley	16.29	2.92	5	5	1.55	209	3	2
angle	0	79	1.7	0.69	1	2	79	21	0	0	0	0	100	100	NA	NA	NA	100	100	100	100	100	11	8	5	6	0	503	1	angle	14.92	2.88	5	5	1.3	130	4	2
arch	0	91	1.2	0.89	1	2	91	9	0	0	0	0	100	100	NA	NA	NA	100	100	100	100	100	6	7	3	2	1	557	0	arch	3.69	2.28	4	3	1.55	51	2	1
arm	0	71	1.8	0.53	1	2	71	29	0	0	0	0	100	100	NA	NA	NA	100	100	100	100	100	10	8	4	6	0	593	1	arm	65.41	3.52	3	16	1	15	2	1
ash	0	87	1.8	0.84	0.93	2	84	12	4	0	0	0	96	96	NA	NA	NA	96	100	100	100	100	5	4	0	5	0	553	1	Ash	9.2	2.67	3	11	1	10	2	1
bail	0	66	2.5	0.46	0.94	3	64	3	25	8	0	0	92	89	92	NA	NA	89	97	100	100	100	11	7	5	6	0	480	0	bail	17.35	2.95	4	18	1	141	3	1
ban	0	85	3	0.75	1	3	85	12	2	0	0	0	100	98	100	NA	NA	98	100	100	100	100	5	9	1	4	0	N/A	1	ban	3.14	2.21	3	35	1	33	3	1
band	0	60	1.6	0.27	1	2	60	40	0	0	0	0	100	100	NA	NA	NA	100	100	100	100	100	7	14	3	4	0	579	1	band	53.41	3.44	4	19	1	178	4	1
bang	0	66	1.7	0.43	1	2	66	34	0	0	0	0	100	100	NA	NA	NA	100	100	100	100	100	13	12	7	5	0	470	1	bang	19.98	3.01	4	23	1	201	3	1
bank	0	78	1.8	0.68	0.06	2	22	78	1	0	0	0	99	99	NA	NA	NA	99	100	100	100	100	12	18	6	6	0	560	1	bank	84.98	3.64	4	21	1	184	4	1
banker	0	92	1.6	0.93	1	3	92	2	3	2	0	0	98	96	98	NA	NA	96	98	100	100	100	4	2	0	4	0	565	1	banker	4.76	2.39	6	14	1.2	1650	6	2
bar	0	94	1.3	0.92	0.93	2	91	4	5	0	0	0	95	95	NA	NA	NA	96	100	100	100	100	12	18	4	7	0	596	1	bar	85.98	3.64	3	35	1	34	3	1
bark	0	63	1.7	0.35	0.93	2	62	38	0	0	0	0	100	100	NA	NA	NA	100	100	100	100	100	10	9	6	4	0	539	1	bark	5.49	2.45	4	25	1	205	3	1
barker	0	89	1.6	0.85	0.88	2	81	19	0	0	0	0	100	100	NA	NA	NA	100	100	100	100	100	3	2	0	3	0	N/A	0	Barker	2.92	2.18	6	10	1.35	1718	5	2
barrow	0	83	2.5	0.79	0.93	3	79	16	5	0	0	0	100	95	100	NA	NA	95	100	100	100	100	3	3	0	3	0	N/A	0	Barrow	1.2	1.79	6	9	1.45	618	4	2
base	0	86	2	0.79	1	2	86	14	0	0	0	0	100	100	NA	NA	NA	100	100	100	100	100	9	29	2	5	2	436	1	base	35.37	3.26	4	18	1	151	3	1
bass	0	59	2.2	0.32	0.67	3	46	47	7	0	0	0	100	93	100	NA	NA	93	100	100	100	100	5	9	0	4	1	544	1	bass	7.55	2.59	4	23	1	168	3	1
bat	0	52	2.1	0.3	0.8	3	49	36	14	1	0	0	99	85	99	NA	NA	85	99	100	100	100	6	10	3	3	0	586	1	bat	20.63	3.02	3	39	1	37	3	1
batter	0	52	2.2	0.35	0.14	3	24	43	34	0	0	0	100	76	100	NA	NA	76	100	100	100	100	5	5	3	2	0	N/A	0	batter	3.98	2.31	6	17	1	1703	5	2
bay	0	82	2.1	0.73	1	2	82	18	0	0	0	0	100	100	NA	NA	NA	100	100	100	100	100	3	10	0	3	0	570	1	Bay	24.24	3.09	3	34	1	33	2	1
bear	0	72	2.2	0.54	0.35	2	32	67	0	0	0	0	100	100	NA	NA	NA	100	100	100	100	100	13	15	8	4	1	572	1	bear	57.41	3.47	4	21	1	159	3	1
beaver	0	96	0.8	0.95	1	2	96	4	0	0	0	0	100	100	NA	NA	NA	100	100	100	100	100	4	8	0	4	0	612	1	Beaver	4.82	2.39	6	10	1.4	1407	5	2
beetle	0	83	2.8	0.76	0.94	3	81	8	7	5	0	0	95	88	95	NA	NA	88	95	100	100	100	7	6	3	3	1	640	1	beetle	2.06	2.03	6	1	1.9	591	4	2
bent	0	93	1.1	0.92	1	2	93	7	0	0	0	0	100	100	NA	NA	NA	100	100	100	100	100	7	9	1	4	2	N/A	1	bent	7.22	2.57	4	27	1	152	4	1
blaze	0	85	2.1	0.82	1	3	85	10	3	2	0	0	98	95	98	NA	NA	95	98	100	100	100	11	10	6	5	0	N/A	1	blaze	2.1	2.03	5	6	1.4	184	4	1
bleak	0	96	0.8	0.95	1	2	96	4	0	0	0	0	100	100	NA	NA	NA	100	100	100	100	100	3	3	0	1	2	435	0	bleak	1.08	1.75	5	2	1.8	179	4	1
blow	0	62	2.1	0.32	0.43	2	45	55	0	0	0	0	100	100	NA	NA	NA	100	100	100	100	100	17	29	12	5	0	458	1	blow	97.57	3.7	4	11	1.05	81	3	1
bluff	0	84	2.3	0.76	0.06	2	16	84	0	0	0	0	100	100	NA	NA	NA	100	100	100	100	100	8	7	3	3	2	N/A	1	bluff	6.22	2.5	5	1	1.8	147	4	1
bob	0	64	2.8	0.47	0.64	3	50	42	9	0	0	0	100	91	100	NA	NA	91	100	100	100	100	12	12	6	6	0	N/A	0	Bob	91.49	3.67	3	32	1	31	3	1
boil	0	77	1.7	0.66	1	2	77	23	0	0	0	0	100	100	NA	NA	NA	100	100	100	100	100	9	7	7	2	0	533	1	boil	5.94	2.48	4	8	1.4	117	3	1
bolt	0	89	1.9	0.83	1	2	89	9	2	0	0	0	98	98	NA	NA	NA	98	100	100	100	100	15	16	8	6	0	551	1	bolt	6.88	2.55	4	17	1	171	4	1
bongo	0	87	2	0.81	0.06	2	13	87	0	0	0	0	100	100	NA	NA	NA	100	100	100	100	100	2	2	0	2	0	N/A	0	Bongo	2.69	2.14	5	6	1.5	294	5	2
boom	0	82	2.1	0.72	1	2	82	18	0	0	0	0	100	100	NA	NA	NA	100	100	100	100	100	12	10	5	7	0	N/A	1	boom	21.8	3.05	4	12	1.05	165	3	1
bop	0	74	2	0.6	0.27	2	33	67	0	0	0	0	100	100	NA	NA	NA	100	100	100	100	100	3	4	1	2	0	N/A	0	bop	1.84	1.98	3	27	1	28	3	1
bore	0	63	2.3	0.56	0.12	4	23	55	4	19	0	0	100	78	96	100	NA	78	96	100	100	100	11	6	7	4	0	404	0	bore	7.75	2.6	4	26	1	213	3	1
boring	0	86	1.8	0.81	0	2	11	83	3	3	0	0	94	94	NA	NA	NA	94	97	100	100	100	4	3	0	3	1	390	1	boring	27.41	3.15	6	10	1.35	1128	5	2
bossy	0	96	1.2	0.95	1	3	96	3	1	0	0	0	100	99	100	NA	NA	99	100	100	100	100	3	1	0	1	2	N/A	0	bossy	1.75	1.95	5	3	1.8	225	4	2
bound	0	41	2.2	0.24	0.71	4	36	19	20	25	0	0	100	61	81	100	NA	61	81	100	100	100	13	17	4	4	5	N/A	1	bound	18.43	2.97	5	7	1.45	251	4	1
bow	1	54	2.5	0.38	0.84	3	51	28	21	1	0	0	99	78	99	NA	NA	78	99	100	100	100	20	14	11	7	2	546	1	bow	20.27	3.01	3	30	1	32	2	1
bowl	0	67	1.3	0.46	0.94	2	64	36	0	0	0	0	100	100	NA	NA	NA	100	100	100	100	100	14	10	5	9	0	579	1	bowl	21.45	3.04	4	10	1.25	107	3	1
bowler	0	76	2.5	0.59	0.94	2	74	26	0	0	0	0	100	100	NA	NA	NA	100	100	100	100	100	2	3	0	2	0	N/A	0	bowler	1.31	1.83	6	7	1.55	1447	5	2
bowman	1	76	2.5	0.6	0.88	2	70	30	0	0	0	0	100	100	NA	NA	NA	100	100	100	100	100	2	1	0	2	0	N/A	0	Bowman	3.57	2.26	6	4	1.8	432	5	2
box	0	63	1.5	0.43	0.93	3	62	34	4	0	0	0	100	96	100	NA	NA	96	100	100	100	100	16	13	7	9	0	591	1	box	89.75	3.66	3	23	1	25	4	1
boxing	0	88	2	0.82	0.07	2	12	88	0	0	0	0	100	100	NA	NA	NA	100	100	100	100	100	4	2	0	4	0	N/A	1	boxing	7.25	2.57	6	5	1.7	856	6	2
brake	0	96	1	0.97	1	3	96	2	2	0	0	0	100	98	100	NA	NA	98	100	100	100	100	7	6	3	4	0	511	1	brake	5.98	2.49	5	5	1.45	260	4	1
bride	0	97	0.9	0.96	1	2	97	3	0	0	0	0	100	100	NA	NA	NA	100	100	100	100	100	2	3	0	2	0	N/A	1	bride	24.22	3.09	5	4	1.45	247	4	1
bridge	0	82	1.8	0.74	1	2	82	17	1	0	0	0	99	99	NA	NA	NA	99	100	100	100	100	7	12	1	6	0	608	1	bridge	45.71	3.37	6	2	1.6	355	4	1
brook	0	94	1.2	0.92	1	2	94	6	0	0	0	0	100	100	NA	NA	NA	100	100	100	100	100	2	2	1	1	0	597	1	brook	2.04	2.02	5	4	1.65	233	4	1
brush	0	71	2.1	0.51	1	2	71	29	0	0	0	0	100	100	NA	NA	NA	100	100	100	100	100	10	14	4	6	0	570	1	brush	14.16	2.86	5	4	1.7	194	4	1
buck	0	68	2.3	0.54	0.39	4	28	58	5	4	5	0	95	85	90	95	NA	85	90	96	100	100	13	9	7	5	1	N/A	1	Buck	33.75	3.24	4	18	1	120	3	1
bud	0	63	2.1	0.4	0.62	2	49	48	2	0	0	0	98	98	NA	NA	NA	98	100	100	100	100	8	4	3	5	0	508	1	Bud	35.45	3.26	3	26	1	22	3	1
buff	0	65	1.9	0.41	0.62	2	48	36	16	0	0	0	84	84	NA	NA	NA	84	100	100	100	100	9	8	2	5	2	N/A	0	buff	2.49	2.11	4	13	1.1	85	3	1
buffer	0	73	1.8	0.59	0.69	2	53	47	0	0	0	0	100	100	NA	NA	NA	100	100	100	100	100	7	8	2	5	0	459	0	buffer	1.67	1.93	6	6	1.6	1186	5	2
buffet	0	92	1.9	0.87	0.14	2	15	85	0	0	0	0	100	100	NA	NA	NA	100	100	100	100	100	8	5	2	5	1	N/A	0	buffet	4.43	2.36	6	4	1.75	391	5	2
buggy	0	79	2.6	0.65	0.87	2	77	23	0	0	0	0	100	100	NA	NA	NA	100	100	100	100	100	4	3	0	2	2	N/A	1	buggy	2.49	2.11	5	6	1.7	161	4	2
bull	0	95	1.2	0.94	1	2	95	5	0	0	0	0	100	100	NA	NA	NA	100	100	100	100	100	10	15	1	6	3	N/A	1	bull	27.51	3.15	4	18	1	145	3	1
bully	0	96	0.8	0.96	1	2	96	4	0	0	0	0	100	100	NA	NA	NA	100	100	100	100	100	6	4	2	2	1	N/A	1	bully	7.22	2.57	5	15	1.2	340	4	2
bunk	0	91	2.2	0.85	1	2	91	9	0	0	0	0	100	100	NA	NA	NA	100	100	100	100	100	4	9	1	3	0	N/A	0	bunk	6.27	2.51	4	18	1	134	4	1
burden	0	90	1.5	0.87	0.94	2	88	12	0	0	0	0	100	100	NA	NA	NA	100	100	100	100	100	5	6	1	4	0	499	1	burden	9.82	2.7	6	1	1.9	688	4	2
bus	0	78	1.8	0.68	1	2	78	22	0	0	0	0	100	100	NA	NA	NA	100	100	100	100	100	4	7	3	1	0	N/A	1	bus	74.18	3.58	3	21	1	16	3	1
bush	0	87	1.7	0.82	1	2	87	11	2	0	0	0	98	98	NA	NA	NA	98	100	100	100	100	6	9	1	5	0	549	1	bush	14.12	2.86	4	14	1.05	122	3	1
bust	0	69	2.2	0.51	0.35	2	34	63	0	3	0	0	97	97	NA	NA	NA	97	100	100	100	100	12	10	7	4	1	N/A	0	bust	27.57	3.15	4	16	1	132	4	1
butt	0	65	2.8	0.52	0.92	4	65	16	18	2	0	0	100	82	98	100	NA	82	98	100	100	100	14	12	7	7	0	N/A	1	butt	38.57	3.29	4	10	1.3	78	3	1
cab	0	97	0.8	0.96	1	2	97	3	0	0	0	0	100	100	NA	NA	NA	100	100	100	100	100	4	4	0	4	0	N/A	1	cab	35.8	3.26	3	28	1	28	3	1
caddy	0	71	2.1	0.53	0.4	2	41	55	5	0	0	0	95	95	NA	NA	NA	95	100	100	100	100	3	2	1	2	0	N/A	0	caddy	2.84	2.16	5	6	1.6	247	4	2
calf	0	64	2	0.36	0.43	2	38	62	0	0	0	0	100	100	NA	NA	NA	100	100	100	100	100	3	4	0	3	0	565	1	calf	2.96	2.18	4	8	1.4	130	3	1
camp	0	90	2.1	0.87	0.89	2	86	8	6	0	0	0	94	94	NA	NA	NA	94	100	100	100	100	9	12	3	5	1	588	1	camp	51.22	3.42	4	11	1	128	4	1
cap	0	80	2.4	0.67	1	2	80	20	1	0	0	0	99	99	NA	NA	NA	99	100	100	100	100	12	10	5	7	0	N/A	1	cap	18.75	2.98	3	30	1	30	3	1
cape	0	72	2.2	0.55	1	2	72	28	0	0	0	0	100	100	NA	NA	NA	100	100	100	100	100	2	2	0	2	0	566	1	Cape	8.24	2.62	4	20	1	115	3	1
capital	0	91	2	0.86	1	2	91	9	0	0	0	0	100	100	NA	NA	NA	100	100	100	100	100	11	11	0	5	6	518	1	capital	12.71	2.81	7	2	2.15	615	6	3
card	0	91	1.7	0.89	1	2	91	5	4	0	0	0	96	96	NA	NA	NA	96	100	100	100	100	6	13	1	5	0	578	1	card	85.43	3.64	4	21	1	202	3	1
cashier	0	98	0.6	0.97	1	2	98	2	0	0	0	0	100	100	NA	NA	NA	100	100	100	100	100	3	4	1	2	0	N/A	1	cashier	3.27	2.23	7	1	1.85	1871	5	2
cat	0	92	1.8	0.87	1	2	92	8	0	0	0	0	100	100	NA	NA	NA	100	100	100	100	100	5	10	0	5	0	617	1	cat	66.33	3.53	3	38	1	35	3	1
chap	0	76	2.3	0.61	0.83	2	72	28	1	0	0	0	99	99	NA	NA	NA	99	100	100	100	100	4	5	2	2	0	N/A	0	chap	6.35	2.51	4	15	1	95	3	1
chase	0	86	1.9	0.86	1	3	86	7	7	0	0	0	100	93	100	NA	NA	93	100	100	100	100	12	6	7	5	0	N/A	1	chase	32.8	3.22	5	5	1.4	307	3	1
chess	0	96	1.3	0.97	1	3	96	2	2	0	0	0	100	98	100	NA	NA	98	100	100	100	100	3	2	0	3	0	N/A	1	chess	7.45	2.58	5	4	1.7	212	3	1
chink	0	71	2.5	0.51	0.64	2	56	44	0	0	0	0	100	100	NA	NA	NA	100	100	100	100	100	6	6	4	2	0	429	0	Chink	1.43	1.87	5	10	1.4	332	4	1
chip	0	75	2.8	0.57	0.93	2	73	20	7	0	0	0	93	93	NA	NA	NA	93	100	100	100	100	8	14	2	6	0	N/A	1	chip	20.61	3.02	4	14	1.05	79	3	1
chop	0	82	2.5	0.82	1	3	82	8	10	0	0	0	100	92	100	NA	NA	92	100	100	100	100	10	10	6	4	0	575	1	chop	13.61	2.84	4	14	1	88	3	1
chord	0	78	2.5	0.63	0.31	2	28	72	0	0	0	0	100	100	NA	NA	NA	100	100	100	100	100	6	4	2	4	0	N/A	0	chord	1.82	1.97	5	2	1.8	225	3	1
chow	0	83	2.4	0.72	0.88	2	75	25	0	0	0	0	100	100	NA	NA	NA	100	100	100	100	100	2	3	0	2	0	326	0	chow	6.86	2.55	4	12	1.2	90	2	1
chuck	0	71	2.9	0.62	0.93	3	66	16	13	5	0	0	95	82	95	NA	NA	82	95	100	100	100	10	7	5	5	0	N/A	1	Chuck	21.49	3.04	5	6	1.55	212	3	1
chum	0	82	1.9	0.73	0.56	2	55	45	0	0	0	0	100	100	NA	NA	NA	100	100	100	100	100	5	3	3	2	0	N/A	0	chum	3.06	2.2	4	8	1.4	68	3	1
chump	0	84	2.5	0.74	0.88	2	79	21	0	0	0	0	100	100	NA	NA	NA	100	100	100	100	100	5	1	2	3	0	N/A	0	chump	4.1	2.32	5	7	1.5	176	4	1
chute	0	58	2.2	0.48	0.4	3	38	27	35	0	0	0	100	73	100	NA	NA	73	100	100	100	100	8	3	4	4	0	467	0	chute	3.61	2.27	5	0	1.8	225	3	1
clip	0	62	1.3	0.34	0.56	2	52	48	0	0	0	0	100	100	NA	NA	NA	100	100	100	100	100	16	11	9	7	0	N/A	0	clip	5.69	2.46	4	9	1.4	56	4	1
clock	0	96	0.8	0.96	1	2	96	4	0	0	0	0	100	100	NA	NA	NA	100	100	100	100	100	4	2	2	2	0	614	1	clock	58.63	3.48	5	8	1.4	227	4	1
clutch	0	86	2.5	0.79	0.88	2	78	6	16	0	0	0	84	84	NA	NA	NA	94	100	100	100	100	12	10	4	8	0	N/A	0	clutch	2.49	2.11	6	1	1.9	274	4	1
cock	0	73	2.8	0.61	0.75	3	66	24	1	9	0	0	91	90	91	NA	NA	90	99	100	100	100	12	8	5	7	0	586	0	cock	11.37	2.76	4	17	1	160	3	1
cocktail	0	95	1.2	0.94	1	2	95	5	0	0	0	0	100	100	NA	NA	NA	100	100	100	100	100	6	2	0	4	2	604	1	cocktail	10.88	2.75	8	0	2.8	722	6	2
coil	0	91	1.8	0.86	1	2	91	9	0	0	0	0	100	100	NA	NA	NA	100	100	100	100	100	9	9	3	6	0	492	0	coil	1.61	1.92	4	15	1.1	124	3	1
colon	1	61	2.3	0.29	0.8	3	50	48	2	0	0	0	100	98	100	NA	NA	98	100	100	100	100	4	5	0	4	0	N/A	0	colon	2.53	2.11	5	4	1.65	330	5	2
coma	0	95	1.2	0.94	1	2	95	5	0	0	0	0	100	100	NA	NA	NA	100	100	100	100	100	4	3	0	4	0	N/A	1	coma	12.27	2.8	4	14	1.1	127	4	2
commune	0	73	2.5	0.54	0.31	2	34	66	0	0	0	0	100	100	NA	NA	NA	100	100	100	100	100	4	4	2	2	0	N/A	0	commune	1.31	1.83	7	1	1.8	642	6	2
compact	0	83	1.3	0.78	1	2	83	17	0	0	0	0	100	100	NA	NA	NA	100	100	100	100	100	10	11	2	3	5	462	1	compact	1.69	1.94	7	0	2.25	630	7	2
compound	0	66	1.6	0.43	0.94	2	65	35	0	0	0	0	100	100	NA	NA	NA	100	100	100	100	100	14	11	6	5	3	N/A	1	compound	7.08	2.56	8	0	2.6	770	7	2
console	0	71	1.8	0.54	0.76	2	62	34	4	0	0	0	96	96	NA	NA	NA	96	100	100	100	100	4	5	1	3	0	N/A	1	console	2.24	2.06	7	1	2.15	845	6	2
content	1	66	2.2	0.39	0.8	2	55	45	0	0	0	0	100	100	NA	NA	NA	100	100	100	100	100	8	10	1	6	1	391	1	content	7.63	2.59	7	6	1.65	995	7	2
converse	0	72	2.3	0.56	0.94	2	70	27	3	0	0	0	97	97	NA	NA	NA	97	100	100	100	100	4	4	1	2	1	N/A	0	converse	1.29	1.83	8	2	1.8	1009	6	2
cop	0	87	1.9	0.83	0.07	3	13	86	0	1	0	0	99	98	99	NA	NA	98	100	100	100	100	4	3	2	2	0	N/A	1	cop	86.14	3.64	3	28	1	28	3	1
cope	0	92	2	0.87	1	2	92	8	0	0	0	0	100	100	NA	NA	NA	100	100	100	100	100	4	2	2	2	0	344	0	cope	3.25	2.22	4	20	1	128	3	1
corn	0	89	1.9	0.83	1	2	89	11	0	0	0	0	100	100	NA	NA	NA	100	100	100	100	100	7	9	2	5	0	601	1	corn	14.22	2.86	4	21	1	190	3	1
corporal	0	87	2.1	0.8	0.06	2	13	87	0	0	0	0	100	100	NA	NA	NA	100	100	100	100	100	2	3	0	1	1	N/A	1	Corporal	15.73	2.9	8	0	2.5	999	7	3
corrupt	0	100	0	1	1	2	100	0	0	0	0	0	100	100	NA	NA	NA	100	100	100	100	100	22	8	12	0	10	N/A	1	corrupt	5.31	2.43	7	0	2.6	658	6	2
corruption	0	100	0	1	1	2	100	0	0	0	0	0	100	100	NA	NA	NA	100	100	100	100	100	10	6	0	10	0	N/A	0	corruption	4.27	2.34	10	0	2.7	1823	7	3
cortex	0	100	0	1	1	2	100	0	0	0	0	0	100	100	NA	NA	NA	100	100	100	100	100	6	2	0	6	0	N/A	0	cortex	1.12	1.76	6	3	1.85	813	6	2
cosmetic	0	100	0	1	1	2	100	0	0	0	0	0	100	100	NA	NA	NA	100	100	100	100	100	8	3	0	2	6	N/A	0	cosmetic	1.8	1.97	8	0	2.7	832	8	3
cosmic	0	96	1.4	0.95	1	2	96	4	0	0	0	0	100	100	NA	NA	NA	100	100	100	100	100	6	2	0	0	6	N/A	0	cosmic	3.61	2.27	6	0	2.15	412	6	2
cost	0	100	0	1	1	2	100	0	0	0	0	0	100	100	NA	NA	NA	100	100	100	100	100	12	5	6	6	0	401	1	cost	54.92	3.45	4	17	1	170	4	1
costly	0	100	0	1	1	2	100	0	0	0	0	0	100	100	NA	NA	NA	100	100	100	100	100	4	2	0	0	4	N/A	0	costly	1.55	1.9	6	1	1.95	657	6	2
costume	0	100	0	1	1	2	100	0	0	0	0	0	100	100	NA	NA	NA	100	100	100	100	100	8	6	2	6	0	538	1	costume	14.14	2.86	7	0	2.45	675	7	2
cot	0	88	2	0.83	1	4	88	12	0	0	0	0	100	100	100	100	NA	100	100	100	100	100	8	3	0	8	0	N/A	0	cot	2	2.01	3	35	1	32	3	1
cottage	0	93	1.9	0.89	0.94	2	92	8	0	0	0	0	100	100	NA	NA	NA	100	100	100	100	100	4	1	0	4	0	607	1	cottage	5.29	2.43	7	1	1.9	800	5	2
cotton	0	100	0	1	1	2	100	0	0	0	0	0	100	100	NA	NA	NA	100	100	100	100	100	8	5	0	8	0	562	1	cotton	14.18	2.86	6	0	1.9	686	4	2
couch	0	100	0	1	1	2	100	0	0	0	0	0	100	100	NA	NA	NA	100	100	100	100	100	8	4	6	2	0	536	1	couch	23.47	3.08	5	9	1.4	341	3	1
cough	0	100	0	1	1	2	100	0	0	0	0	0	100	100	NA	NA	NA	100	100	100	100	100	12	3	6	6	0	N/A	1	cough	8.78	2.65	5	8	1.45	252	3	1
council	0	100	0	1	1	2	100	0	0	0	0	0	100	100	NA	NA	NA	100	100	100	100	100	2	3	0	2	0	405	0	council	16.92	2.94	7	0	2.75	648	5	2
counsel	0	99	0.6	0.99	1	2	99	1	0	0	0	0	100	100	NA	NA	NA	100	100	100	100	100	12	3	6	6	0	N/A	1	counsel	14.24	2.86	7	0	2.3	790	5	2
count	0	87	1.1	0.84	1	3	87	13	0	0	0	0	100	100	100	NA	NA	100	100	100	100	100	21	11	14	7	0	459	1	count	89.96	3.66	5	3	1.65	323	4	1
counter	0	60	1.8	0.47	0.62	3	45	16	39	0	0	0	100	84	100	NA	NA	84	100	100	100	100	10	13	2	6	1	N/A	1	counter	13.9	2.85	7	3	1.8	1931	6	2
cow	0	96	0.9	0.95	1	2	96	4	0	0	0	0	100	100	NA	NA	NA	100	100	100	100	100	3	4	1	2	0	632	1	cow	25.51	3.11	3	32	1	32	2	1
crab	0	71	2.1	0.52	0.94	2	69	31	0	0	0	0	100	100	NA	NA	NA	100	100	100	100	100	9	11	3	6	0	589	1	crab	6.9	2.55	4	9	1.4	90	4	1
cramp	0	66	2.3	0.4	1	2	66	34	0	0	0	0	100	100	NA	NA	NA	100	100	100	100	100	9	5	3	4	2	N/A	1	cramp	2.8	2.16	5	6	1.4	285	5	1
crash	0	96	1.1	0.95	0.94	2	91	9	0	0	0	0	100	100	NA	NA	NA	100	100	100	100	100	15	17	9	5	1	N/A	1	crash	28.65	3.16	5	5	1.65	304	4	1
cricket	0	68	2.1	0.44	0.93	2	64	36	0	0	0	0	100	100	NA	NA	NA	100	100	100	100	100	4	3	1	3	0	N/A	1	cricket	2.82	2.16	7	0	1.9	782	6	2
cube	0	96	1.2	0.94	1	2	96	4	0	0	0	0	100	100	NA	NA	NA	100	100	100	100	100	6	7	2	4	0	575	1	cube	2.98	2.18	4	9	1.3	65	4	1
cue	0	67	1.9	0.45	0.73	2	58	42	0	0	0	0	100	100	NA	NA	NA	100	100	100	100	100	7	5	3	4	0	448	1	cue	7.78	2.6	3	17	1	16	3	1
cuff	0	86	2.5	0.76	0.94	2	83	17	0	0	0	0	100	100	NA	NA	NA	100	100	100	100	100	5	4	2	3	0	N/A	1	cuff	5.71	2.47	4	12	1.25	72	3	1
dab	0	95	1.2	0.94	0.93	2	92	8	0	0	0	0	100	100	NA	NA	NA	100	100	100	100	100	7	4	3	4	0	N/A	0	dab	1.12	1.76	3	32	1	30	3	1
dam	0	89	2.1	0.84	0.94	2	88	12	0	0	0	0	100	100	NA	NA	NA	100	100	100	100	100	5	4	2	3	0	N/A	1	dam	5.75	2.47	3	35	1	33	3	1
darn	0	87	1.6	0.83	0	2	13	87	0	0	0	0	100	100	NA	NA	NA	100	100	100	100	100	7	4	3	1	1	N/A	0	darn	13.9	2.85	4	21	1	189	3	1
dent	0	95	1	0.94	1	2	95	5	0	0	0	0	100	100	NA	NA	NA	100	100	100	100	100	4	4	2	2	0	486	1	dent	3.53	2.26	4	21	1	153	4	1
desert	0	59	2.3	0.27	1	3	59	37	4	0	0	0	100	96	100	NA	NA	96	100	100	100	100	9	4	3	4	2	N/A	1	desert	27.98	3.15	6	0	1.85	536	5	2
deuce	0	89	2.3	0.82	0.93	2	88	12	0	0	0	0	100	100	NA	NA	NA	100	100	100	100	100	3	4	0	3	0	N/A	0	deuce	2.86	2.17	5	1	1.75	136	4	1
diet	0	92	1.6	0.88	1	2	92	8	0	0	0	0	100	100	NA	NA	NA	100	100	100	100	100	7	6	3	4	0	486	1	diet	15.37	2.89	4	10	1.3	95	4	2
dock	0	78	3.1	0.73	0.94	4	77	13	6	5	0	0	100	90	95	100	NA	90	95	100	100	100	13	12	7	6	0	559	1	dock	9.75	2.7	4	16	1.05	141	3	1
dotty	0	76	2.1	0.63	0.14	2	24	76	0	0	0	0	100	100	NA	NA	NA	100	100	100	100	100	5	2	0	0	5	N/A	0	Dotty	1.12	1.76	5	3	1.8	273	4	2
dove	0	67	2.5	0.42	0.75	2	49	50	1	0	0	0	99	99	NA	NA	NA	99	100	100	100	100	5	5	1	4	0	616	1	dove	5.57	2.45	4	20	1	106	3	1
dresser	0	80	1.9	0.7	0.07	2	20	80	0	0	0	0	100	100	NA	NA	NA	100	100	100	100	100	3	5	0	3	0	556	1	dresser	3.57	2.26	7	3	1.75	1439	6	2
drill	0	85	2.3	0.84	1	3	85	10	5	0	0	0	100	95	100	NA	NA	95	100	100	100	100	18	9	10	8	0	571	1	drill	13.75	2.85	5	7	1.5	274	4	1
drone	0	76	2.3	0.61	0.25	2	33	67	0	0	0	0	100	100	NA	NA	NA	100	100	100	100	100	8	7	3	5	0	N/A	0	drone	2.82	2.16	5	6	1.6	270	4	1
drove	0	83	1.8	0.76	1	2	83	17	0	0	0	0	100	100	NA	NA	NA	100	100	100	100	100	5	3	3	2	0	353	1	drove	28.86	3.17	5	6	1.5	225	4	1
duck	0	59	1.9	0.3	0.76	3	54	42	4	0	0	0	100	96	100	NA	NA	96	100	100	100	100	12	8	6	6	0	632	1	duck	24.76	3.1	4	18	1	110	3	1
dug	0	97	0.7	0.96	1	2	97	2	1	0	0	0	99	99	NA	NA	NA	99	100	100	100	100	2	1	1	1	0	N/A	0	dug	8.92	2.66	3	25	1	24	3	1
ear	0	81	1.7	0.74	1	2	81	19	0	0	0	0	100	100	NA	NA	NA	100	100	100	100	100	6	5	1	5	0	597	1	ear	32	3.21	3	22	1	23	2	1
earnest	0	89	2	0.83	1	2	89	11	0	0	0	0	100	100	NA	NA	NA	100	100	100	100	100	5	4	0	3	2	N/A	0	earnest	1.57	1.91	7	0	1.95	926	5	2
egg	0	85	1.8	0.79	1	2	85	14	1	0	0	0	99	99	NA	NA	NA	99	100	100	100	100	5	5	1	4	0	599	1	egg	26.04	3.12	3	3	1.65	3	2	1
elder	0	92	1.6	0.88	1	2	92	8	1	0	0	0	99	99	NA	NA	NA	99	100	100	100	100	7	4	0	4	3	N/A	0	Elder	7.04	2.56	5	4	1.6	377	5	2
entrance	0	83	2.4	0.73	1	2	83	17	0	0	0	0	100	100	NA	NA	NA	100	100	100	100	100	4	5	1	3	0	493	1	entrance	15.69	2.9	8	0	2.5	657	7	2
exploit	0	79	2.2	0.66	0.18	2	24	76	0	0	0	0	100	100	NA	NA	NA	100	100	100	100	100	3	4	2	1	0	N/A	0	exploit	2.45	2.1	7	0	2.55	326	7	2
fair	0	70	1.9	0.51	0.93	2	67	33	0	0	0	0	100	100	NA	NA	NA	100	100	100	100	100	10	17	0	2	7	439	1	fair	94.75	3.68	4	7	1.2	106	3	1
fan	0	56	1.3	0.17	0.73	2	45	55	0	0	0	0	100	100	NA	NA	NA	100	100	100	100	100	8	7	5	3	0	582	1	fan	35.14	3.25	3	31	1	29	3	1
fell	0	82	2.2	0.77	1	4	82	15	2	1	0	0	100	97	99	100	NA	97	99	100	100	100	7	7	4	1	2	431	1	fell	73	3.57	4	21	1	138	3	1
felon	0	96	0.8	0.96	1	2	96	4	0	0	0	0	100	100	NA	NA	NA	100	100	100	100	100	2	2	0	2	0	N/A	0	felon	2.51	2.11	5	1	1.85	221	5	2
file	0	64	1.9	0.36	0.83	2	56	44	0	0	0	0	100	100	NA	NA	NA	100	100	100	100	100	9	9	5	4	0	442	1	file	44.04	3.35	4	23	1	151	3	1
firm	0	58	1.7	0.21	1	2	58	42	0	0	0	0	100	100	NA	NA	NA	100	100	100	100	100	8	15	2	1	4	404	1	firm	35.27	3.26	4	5	1.6	86	3	1
fit	0	69	2.3	0.47	1	2	69	31	0	0	0	0	100	100	NA	NA	NA	100	100	100	100	100	11	16	6	3	2	N/A	1	fit	57.59	3.47	3	27	1	26	3	1
flag	0	83	2.4	0.84	1	4	83	2	5	8	2	0	98	91	95	98	NA	91	95	98	100	100	8	12	5	3	0	607	1	flag	17.49	2.95	4	14	1.1	87	4	1
flat	0	77	2.2	0.64	1	2	77	23	0	0	0	0	100	100	NA	NA	NA	100	100	100	100	100	17	26	0	6	7	N/A	1	flat	26.22	3.13	4	17	1	113	4	1
flatter	0	84	2.3	0.76	0.75	2	72	28	0	0	0	0	100	100	NA	NA	NA	100	100	100	100	100	7	1	4	3	0	N/A	0	flatter	3.92	2.3	7	6	1.5	1773	6	2
flaw	0	95	1.3	0.93	0.94	2	94	6	0	0	0	0	100	100	NA	NA	NA	100	100	100	100	100	7	3	2	5	0	N/A	0	flaw	3.04	2.19	4	14	1.2	84	3	1
fleet	0	79	2.5	0.66	1	2	79	21	0	0	0	0	100	100	NA	NA	NA	100	100	100	100	100	8	7	4	3	1	510	1	fleet	10.59	2.73	5	4	1.65	229	4	1
flight	0	83	1.8	0.77	1	2	83	17	0	0	0	0	100	100	NA	NA	NA	100	100	100	100	100	7	12	0	7	0	N/A	1	flight	59.69	3.48	6	5	1.55	246	4	1
flip	0	81	2.2	0.76	0.84	3	74	4	22	0	0	0	100	96	100	NA	NA	96	100	100	100	100	12	16	7	3	2	N/A	1	flip	14.27	2.86	4	7	1.5	61	4	1
flock	0	90	1.9	0.86	1	2	90	10	0	0	0	0	100	100	NA	NA	NA	100	100	100	100	100	9	7	3	6	0	516	0	flock	4.65	2.38	5	6	1.6	223	4	1
fluke	0	82	2.5	0.81	0	3	10	81	9	0	0	0	100	91	100	NA	NA	91	100	100	100	100	4	5	0	4	0	N/A	0	fluke	1.75	1.95	5	3	1.7	143	4	1
flush	0	59	2.8	0.5	0.94	4	59	17	6	18	0	0	100	77	94	100	NA	77	94	100	100	100	20	18	8	6	4	530	1	flush	9.37	2.68	5	5	1.65	193	4	1
fly	0	59	1.7	0.25	0.89	2	57	42	1	0	0	0	99	99	NA	NA	NA	99	100	100	100	100	15	20	9	6	0	582	1	fly	85	3.64	3	11	1.25	9	3	1
foil	0	71	2.4	0.56	0.2	3	26	70	4	0	0	0	100	96	100	NA	NA	96	100	100	100	100	10	8	3	7	0	495	1	foil	1.22	1.8	4	11	1.3	80	3	1
fold	0	88	2.2	0.82	1	2	88	12	0	0	0	0	100	100	NA	NA	NA	100	100	100	100	100	20	13	13	7	0	N/A	1	fold	8.63	2.64	4	14	1.1	120	4	1
fore	0	73	2.1	0.57	0.31	2	38	62	0	0	0	0	100	100	NA	NA	NA	100	100	100	100	100	5	3	0	1	2	340	0	fore	2.65	2.13	4	21	1	176	3	1
forge	0	71	2	0.54	0.83	2	67	33	0	0	0	0	100	100	NA	NA	NA	100	100	100	100	100	9	9	7	2	0	N/A	0	Forge	3.25	2.22	5	5	1.4	268	3	1
former	0	92	1.2	0.9	0.93	2	85	15	0	0	0	0	100	100	NA	NA	NA	100	100	100	100	100	5	5	0	1	4	283	0	former	18.27	2.97	6	6	1.6	1367	5	2
founder	0	84	2.4	0.8	1	3	84	9	7	0	0	0	100	93	100	NA	NA	93	100	100	100	100	7	7	5	2	0	339	0	founder	2.12	2.04	7	5	1.6	1478	6	2
frail	0	92	1.3	0.9	1	2	92	8	0	0	0	0	100	100	NA	NA	NA	100	100	100	100	100	5	5	0	1	4	430	1	frail	1.59	1.91	5	4	1.7	247	4	1
freak	0	97	0.7	0.97	1	2	97	3	0	0	0	0	100	100	NA	NA	NA	100	100	100	100	100	6	3	2	3	1	N/A	1	freak	36.75	3.27	5	4	1.7	202	4	1
fret	0	75	2.6	0.64	0.81	3	68	8	23	0	0	0	100	92	100	NA	NA	92	100	100	100	100	13	16	8	5	0	N/A	0	fret	1.86	1.98	4	10	1.3	84	4	1
frog	0	98	0.4	0.98	1	2	98	2	0	0	0	0	100	100	NA	NA	NA	100	100	100	100	100	5	4	0	5	0	617	1	frog	11.82	2.78	4	9	1.35	67	4	1
fry	0	88	1.4	0.84	1	2	88	11	1	0	0	0	99	99	NA	NA	NA	99	100	100	100	100	10	6	4	6	0	N/A	1	fry	8.39	2.63	3	14	1.05	12	3	1
fudge	0	73	2.8	0.53	1	2	73	27	0	0	0	0	100	100	NA	NA	NA	100	100	100	100	100	4	3	3	1	0	567	1	fudge	3.63	2.27	5	5	1.65	142	3	1
funk	0	70	2.1	0.5	0.63	2	50	50	0	0	0	0	100	100	NA	NA	NA	100	100	100	100	100	6	4	3	3	0	N/A	0	funk	3.16	2.21	4	13	1.15	114	4	1
funky	0	74	2.2	0.59	0.24	2	25	64	11	0	0	0	89	89	NA	NA	NA	89	100	100	100	100	3	4	0	0	3	N/A	0	funky	5.08	2.42	5	6	1.6	237	5	2
gag	0	79	2.2	0.68	0.94	2	78	22	0	0	0	0	100	100	NA	NA	NA	100	100	100	100	100	10	9	6	4	0	N/A	1	gag	7.06	2.56	3	30	1	30	3	1
gage	0	86	2.4	0.79	0.12	3	15	75	2	9	0	0	91	90	91	NA	NA	90	98	100	100	100	5	3	1	4	0	N/A	0	Gage	2.51	2.11	4	15	1	88	3	1
gang	0	95	1.2	0.94	1	2	95	5	0	0	0	0	100	100	NA	NA	NA	100	100	100	100	100	5	5	2	3	0	535	1	gang	30.14	3.19	4	17	1	185	3	1
gee	0	92	1.6	0.89	0.15	2	12	86	2	0	0	0	98	98	NA	NA	NA	98	100	100	100	100	4	3	2	0	0	N/A	0	Gee	46.31	3.37	3	27	1	26	2	1
gill	0	98	0.8	0.97	1	2	98	2	0	0	0	0	100	100	NA	NA	NA	100	100	100	100	100	6	4	2	4	0	N/A	0	Gill	1.71	1.94	4	22	1	151	3	1
gin	0	75	1.9	0.69	0.93	3	72	19	9	0	0	0	100	91	100	NA	NA	91	100	100	100	100	5	6	1	4	0	555	1	gin	11.27	2.76	3	28	1	25	3	1
glare	0	74	2.5	0.55	1	2	74	26	0	0	0	0	100	100	NA	NA	NA	100	100	100	100	100	7	6	3	4	0	536	1	glare	1.61	1.92	5	7	1.45	289	4	1
gloss	0	79	2.4	0.66	0.94	2	74	26	0	0	0	0	100	100	NA	NA	NA	100	100	100	100	100	8	8	4	4	0	N/A	0	gloss	1.45	1.88	5	5	1.6	175	4	1
gob	0	92	1.8	0.89	0.85	2	81	19	0	0	0	0	100	100	NA	NA	NA	100	100	100	100	100	3	3	0	3	0	N/A	0	Gob	11.14	2.76	3	30	1	29	3	1
gobble	0	73	1.9	0.58	0.44	2	45	55	0	0	0	0	100	100	NA	NA	NA	100	100	100	100	100	5	3	4	1	0	N/A	0	gobble	2.35	2.08	6	6	1.55	559	4	2
gore	0	77	2.9	0.67	0.82	3	69	26	5	0	0	0	100	95	100	NA	NA	95	100	100	100	100	3	6	1	2	0	429	0	Gore	1.08	1.75	4	23	1	188	3	1
gram	0	87	2.3	0.8	0.93	2	86	12	2	0	0	0	98	98	NA	NA	NA	98	100	100	100	100	2	2	0	2	0	N/A	0	gram	2.59	2.12	4	16	1	117	4	1
grate	0	75	2.5	0.57	0.79	2	56	44	0	0	0	0	100	100	NA	NA	NA	100	100	100	100	100	9	8	6	3	0	424	1	grate	1.02	1.72	5	12	1	337	4	1
grave	0	56	2.6	0.47	1	4	56	23	11	9	0	0	100	80	91	100	NA	80	91	100	100	100	12	8	2	5	4	619	1	grave	26.27	3.13	5	9	1.15	288	4	1
ground	0	74	2.1	0.58	0.92	2	71	29	0	0	0	0	100	100	NA	NA	NA	100	100	100	100	100	16	23	6	6	4	513	1	ground	72.47	3.57	6	1	1.75	375	5	1
gull	0	83	2.2	0.75	0.88	2	74	26	0	0	0	0	100	100	NA	NA	NA	100	100	100	100	100	3	4	1	2	0	N/A	1	gull	1.1	1.76	4	18	1	131	3	1
gum	0	65	1.9	0.4	0.74	2	49	47	3	0	0	0	97	97	NA	NA	NA	97	100	100	100	100	12	10	5	7	0	N/A	1	gum	13.39	2.84	3	23	1	21	3	1
hack	0	69	2.7	0.48	0.75	2	62	34	4	0	0	0	96	96	NA	NA	NA	96	100	100	100	100	19	16	11	6	2	N/A	0	hack	8.55	2.64	4	20	1	151	3	1
hail	0	64	2.1	0.36	0.59	2	41	59	0	0	0	0	100	100	NA	NA	NA	100	100	100	100	100	12	7	7	4	0	477	1	Hail	12.02	2.79	4	17	1	134	3	1
halt	0	81	2	0.72	0.93	2	76	24	0	0	0	0	100	100	NA	NA	NA	100	100	100	100	100	7	8	4	2	0	417	1	Halt	11.27	2.76	4	15	1	152	4	1
ham	0	84	2.2	0.76	1	2	84	16	0	0	0	0	100	100	NA	NA	NA	100	100	100	100	100	7	5	2	5	0	570	1	ham	11.59	2.77	3	36	1	33	3	1
hamper	0	73	2	0.57	0.13	2	27	73	0	0	0	0	100	100	NA	NA	NA	100	100	100	100	100	2	4	1	1	0	N/A	1	hamper	1.41	1.86	6	6	1.65	1412	6	2
hatch	0	69	3.1	0.55	1	3	69	21	7	2	0	0	98	90	98	NA	NA	90	98	100	100	100	9	8	4	5	0	N/A	1	hatch	12.82	2.82	5	10	1.4	309	3	1
hawk	0	75	2.2	0.73	0.88	3	69	11	21	0	0	0	100	89	100	NA	NA	89	100	100	100	100	9	6	6	3	0	591	1	Hawk	12.75	2.81	4	5	1.45	79	3	1
haze	0	65	1.9	0.39	0.8	2	54	46	0	0	0	0	100	100	NA	NA	NA	100	100	100	100	100	3	4	1	2	0	521	1	haze	1.51	1.89	4	16	1	80	3	1
heel	0	88	1.9	0.84	0.94	2	87	11	1	0	0	0	99	99	NA	NA	NA	99	100	100	100	100	11	11	4	7	0	597	1	heel	7.39	2.58	4	14	1.05	139	3	1
hide	0	73	1.4	0.6	1	2	73	27	0	0	0	0	100	100	NA	NA	NA	100	100	100	100	100	6	6	4	2	0	430	1	hide	69.69	3.55	4	14	1.05	81	3	1
hiding	0	97	0.7	0.97	1	2	97	3	0	0	0	0	100	100	NA	NA	NA	100	100	100	100	100	3	1	0	3	0	N/A	0	hiding	43.27	3.34	6	6	1.6	850	5	2
hind	0	95	1.3	0.93	1	2	95	5	0	0	0	0	100	100	NA	NA	NA	100	100	100	100	100	3	3	0	2	1	424	0	hind	2.45	2.1	4	13	1.05	155	4	1
hip	0	73	2.5	0.66	0.94	3	71	3	14	12	0	0	88	84	88	NA	NA	84	97	100	100	100	6	5	0	4	1	N/A	1	hip	15.41	2.9	3	27	1	24	3	1
hitch	0	69	2	0.51	0.71	2	51	46	3	0	0	0	97	97	NA	NA	NA	97	100	100	100	100	11	12	6	5	0	N/A	1	hitch	4.08	2.32	5	14	1.25	226	3	1
hobby	0	98	0.4	0.98	1	2	98	2	0	0	0	0	100	100	NA	NA	NA	100	100	100	100	100	2	3	0	2	0	494	1	hobby	6.94	2.55	5	7	1.65	179	4	2
hooker	0	87	2.1	0.85	0	3	5	87	8	0	0	0	100	95	100	NA	NA	95	100	100	100	100	4	5	0	4	0	N/A	0	hooker	11.73	2.78	6	11	1.4	1528	5	2
hop	0	83	1.8	0.78	1	2	83	16	1	0	0	0	99	99	NA	NA	NA	99	100	100	100	100	11	9	6	5	0	554	1	hop	19.16	2.99	3	31	1	28	3	1
host	0	75	2.4	0.7	1	3	75	12	11	2	0	0	98	87	98	NA	NA	87	98	100	100	100	6	11	1	5	0	N/A	1	host	15.02	2.88	4	12	1.05	145	4	1
hue	0	89	2.1	0.83	1	2	89	10	1	0	0	0	99	99	NA	NA	NA	99	100	100	100	100	4	3	0	4	0	399	1	Hue	1.39	1.86	3	20	1	17	3	1
hull	0	81	2.1	0.72	0.33	2	36	53	11	0	0	0	89	89	NA	NA	NA	89	100	100	100	100	5	7	1	4	0	N/A	1	hull	4.22	2.33	4	19	1	132	3	1
husky	0	63	2	0.35	0.87	2	61	39	0	0	0	0	100	100	NA	NA	NA	100	100	100	100	100	4	3	0	1	3	N/A	1	Husky	1.59	1.91	5	7	1.6	178	5	2
imperial	0	89	2	0.85	0.94	3	85	2	13	0	0	0	100	98	100	NA	NA	98	100	100	100	100	7	5	0	3	4	N/A	0	imperial	2.47	2.1	8	0	2.75	1023	7	3
impress	0	94	1.3	0.93	1	2	94	6	0	0	0	0	100	100	NA	NA	NA	100	100	100	100	100	7	8	5	2	0	N/A	0	impress	10.2	2.72	7	1	2.3	542	6	2
incense	0	84	2.2	0.76	0.88	2	80	20	0	0	0	0	100	100	NA	NA	NA	100	100	100	100	100	4	4	2	2	0	555	1	incense	1.8	1.97	7	1	2.25	410	6	2
intent	0	67	2.5	0.39	0.83	2	54	46	0	0	0	0	100	100	NA	NA	NA	100	100	100	100	100	5	3	0	2	3	N/A	1	intent	5.61	2.46	6	3	1.8	364	6	2
intimate	0	86	2.1	0.78	1	2	86	14	0	0	0	0	100	100	NA	NA	NA	100	100	100	100	100	8	9	1	1	6	495	1	intimate	6.96	2.55	8	0	1.95	860	7	3
invalid	0	77	2.4	0.62	0.12	2	23	77	0	0	0	0	100	100	NA	NA	NA	100	100	100	100	100	6	5	1	1	4	N/A	1	invalid	1.73	1.95	7	0	2.65	348	7	3
jade	0	70	2.6	0.5	0.69	2	52	45	2	0	0	0	98	98	NA	NA	NA	98	100	100	100	100	6	7	2	4	0	459	0	Jade	5.08	2.42	4	13	1.2	87	3	1
jag	0	86	2.2	0.8	0.92	2	81	16	3	0	0	0	97	97	NA	NA	NA	97	100	100	100	100	4	5	2	2	0	N/A	0	Jag	1.75	1.95	3	28	1	27	3	1
jam	0	60	1.6	0.28	0.6	2	47	53	0	0	0	0	100	100	NA	NA	NA	100	100	100	100	100	13	11	9	4	0	569	1	jam	13.53	2.84	3	27	1	28	3	1
jar	0	80	2.2	0.7	1	2	80	20	0	0	0	0	100	100	NA	NA	NA	100	100	100	100	100	10	8	5	5	0	571	1	jar	8.31	2.63	3	28	1	29	3	1
jerk	0	82	2.2	0.77	0.82	2	78	9	13	0	0	0	87	87	NA	NA	NA	91	100	100	100	100	6	11	3	3	0	479	1	jerk	33.14	3.23	4	5	1.55	117	3	1
jerky	0	58	1.3	0.24	0.54	2	45	55	0	0	0	0	100	100	NA	NA	NA	100	100	100	100	100	2	4	0	1	1	N/A	0	jerky	2.27	2.07	5	3	1.8	242	4	2
jet	0	88	1.7	0.84	0.92	2	82	8	10	0	0	0	90	90	NA	NA	NA	92	100	100	100	100	9	8	3	4	2	585	1	jet	14.14	2.86	3	24	1	23	3	1
jig	0	79	2.3	0.66	0.24	2	28	72	0	0	0	0	100	100	NA	NA	NA	100	100	100	100	100	9	5	5	4	0	N/A	0	jig	1.71	1.94	3	19	1	18	3	1
jog	0	93	1.3	0.91	1	2	93	7	0	0	0	0	100	100	NA	NA	NA	100	100	100	100	100	12	9	8	4	0	504	1	jog	2.41	2.09	3	21	1	20	3	1
jumper	0	82	2.4	0.71	0.67	2	63	37	0	0	0	0	100	100	NA	NA	NA	100	100	100	100	100	6	7	0	6	0	N/A	0	jumper	2.29	2.07	6	4	1.75	1311	6	2
junk	0	97	0.8	0.96	1	2	97	3	0	0	0	0	100	100	NA	NA	NA	100	100	100	100	100	6	3	1	5	0	N/A	1	junk	15.37	2.89	4	11	1.3	114	4	1
keen	0	90	1.4	0.88	1	2	90	10	0	0	0	0	100	100	NA	NA	NA	100	100	100	100	100	5	7	1	1	3	335	0	keen	4.47	2.36	4	10	1.3	133	3	1
key	0	86	1.4	0.81	1	2	86	14	0	0	0	0	100	100	NA	NA	NA	100	100	100	100	100	9	22	2	6	1	618	1	key	86.86	3.65	3	12	1.15	13	2	1
kitty	0	87	1.7	0.82	1	2	87	13	0	0	0	0	100	100	NA	NA	NA	100	100	100	100	100	4	4	0	4	0	N/A	0	Kitty	26.71	3.13	5	7	1.65	242	4	2
knot	0	98	0.5	0.98	1	2	98	2	0	0	0	0	100	100	NA	NA	NA	100	100	100	100	100	15	10	7	8	0	N/A	1	knot	3.69	2.28	4	6	1.6	43	3	1
lap	0	63	2.2	0.47	0.86	3	57	26	17	0	0	0	100	83	100	NA	NA	83	100	100	100	100	18	11	10	8	0	531	1	lap	13.47	2.84	3	35	1	34	3	1
lash	0	82	2.7	0.69	0.94	2	80	20	0	0	0	0	100	100	NA	NA	NA	100	100	100	100	100	12	7	8	4	0	N/A	1	lash	1.67	1.93	4	19	1	149	3	1
launch	0	81	2.6	0.68	1	2	81	19	0	0	0	0	100	100	NA	NA	NA	100	100	100	100	100	8	8	5	3	0	N/A	1	launch	19.96	3.01	6	2	1.85	365	4	1
lawn	0	97	0.9	0.96	1	2	97	3	0	0	0	0	100	100	NA	NA	NA	100	100	100	100	100	2	1	0	2	0	608	1	lawn	12.35	2.8	4	8	1.4	82	3	1
lay	0	67	2.6	0.53	0.41	3	32	9	59	0	0	0	100	91	100	NA	NA	91	100	100	100	100	18	9	13	3	2	426	1	lay	58.24	3.47	3	35	1	35	2	1
lead	1	65	2	0.41	1	2	65	34	1	0	0	0	99	99	NA	NA	NA	99	100	100	100	100	30	32	15	13	2	488	1	lead	83.25	3.63	4	15	1	137	3	1
league	0	84	1.9	0.77	1	2	84	16	0	0	0	0	100	100	NA	NA	NA	100	100	100	100	100	6	4	1	5	0	N/A	1	league	18.63	2.98	6	1	1.85	334	3	1
lean	0	65	1.6	0.43	0.73	2	56	44	0	0	0	0	100	100	NA	NA	NA	100	100	100	100	100	11	10	5	3	3	472	1	lean	10.37	2.72	4	17	1	163	3	1
lighten	0	54	1.2	0.12	0.88	2	49	51	0	0	0	0	100	100	NA	NA	NA	100	100	100	100	100	9	7	9	0	0	N/A	0	lighten	5.9	2.48	7	4	1.75	770	4	2
lighter	0	91	2.3	0.84	0.87	2	81	6	13	0	0	0	87	87	NA	NA	NA	94	100	100	100	100	4	4	1	3	0	458	1	lighter	8.96	2.66	7	6	1.55	1553	5	2
limb	0	85	2.1	0.78	0.94	2	82	18	0	0	0	0	100	100	NA	NA	NA	100	100	100	100	100	4	6	0	4	0	580	1	limb	4.67	2.38	4	5	1.5	82	3	1
limbo	0	79	2.4	0.67	0.57	2	54	46	0	0	0	0	100	100	NA	NA	NA	100	100	100	100	100	3	3	0	3	0	N/A	0	limbo	2.37	2.09	5	5	1.65	186	5	2
lime	0	82	2.3	0.77	0.07	3	20	76	4	0	0	0	100	96	100	NA	NA	96	100	100	100	100	7	8	2	5	0	563	1	lime	3.29	2.23	4	18	1	103	3	1
limp	0	62	1.8	0.33	0.86	2	52	48	0	0	0	0	100	100	NA	NA	NA	100	100	100	100	100	5	5	2	1	2	512	1	limp	3.67	2.27	4	12	1.1	103	4	1
liner	0	63	2	0.35	0.62	2	49	51	0	0	0	0	100	100	NA	NA	NA	100	100	100	100	100	5	3	0	5	0	N/A	0	liner	1.22	1.8	5	14	1	594	5	2
lining	0	76	2	0.64	0.88	2	75	25	0	0	0	0	100	100	NA	NA	NA	100	100	100	100	100	5	4	0	5	0	N/A	0	lining	4.53	2.37	6	8	1.45	1011	5	2
list	0	96	1	0.95	0.94	2	94	6	0	0	0	0	100	100	NA	NA	NA	100	100	100	100	100	5	7	3	2	0	N/A	1	list	80.59	3.61	4	16	1	139	4	1
lit	0	60	2.7	0.2	0.93	2	53	47	0	0	0	0	100	100	NA	NA	NA	100	100	100	100	100	2	3	2	0	0	N/A	1	lit	9.73	2.7	3	30	1	27	3	1
liver	0	81	2.4	0.77	1	3	81	10	9	0	0	0	100	91	100	NA	NA	91	100	100	100	100	6	5	0	5	1	571	1	liver	14.29	2.86	5	17	1	491	5	2
loaf	0	69	2.2	0.47	0.94	2	68	32	0	0	0	0	100	100	NA	NA	NA	100	100	100	100	100	4	3	2	2	0	N/A	1	loaf	4.47	2.36	4	5	1.6	91	3	1
lock	0	77	1.7	0.66	1	2	77	23	0	0	0	0	100	100	NA	NA	NA	100	100	100	100	100	12	15	6	6	0	532	1	lock	56.57	3.46	4	19	1	143	3	1
log	0	74	2.1	0.59	0.94	2	73	27	0	0	0	0	100	100	NA	NA	NA	100	100	100	100	100	8	8	4	4	0	N/A	1	log	11.96	2.79	3	27	1	26	3	1
low	0	95	0.6	0.95	1	2	95	5	0	0	0	0	100	100	NA	NA	NA	100	100	100	100	100	16	17	1	3	8	378	1	low	59.14	3.48	3	29	1	28	2	1
lug	0	78	2.5	0.65	0.83	2	68	32	0	0	0	0	100	100	NA	NA	NA	100	100	100	100	100	4	6	2	2	0	N/A	0	lug	2.59	2.12	3	19	1	18	3	1
lumber	0	78	1.7	0.69	0.86	2	75	25	0	0	0	0	100	100	NA	NA	NA	100	100	100	100	100	4	4	3	1	0	530	1	lumber	2.47	2.1	6	5	1.55	1184	6	2
lying	0	72	2.7	0.49	1	2	72	28	0	0	0	0	100	100	NA	NA	NA	100	100	100	100	100	4	2	2	1	1	N/A	0	lying	87.69	3.65	5	3	1.65	194	4	2
mace	0	91	2.2	0.85	1	2	91	9	0	0	0	0	100	100	NA	NA	NA	100	100	100	100	100	3	4	0	3	0	N/A	0	Mace	3.49	2.25	4	18	1	132	3	1
mail	0	83	2.1	0.75	1	2	83	17	0	0	0	0	100	100	NA	NA	NA	100	100	100	100	100	6	7	2	4	0	548	1	mail	36.84	3.27	4	19	1	152	3	1
mare	1	98	0.7	0.98	1	2	98	2	0	0	0	0	100	100	NA	NA	NA	100	100	100	100	100	2	2	0	2	0	529	1	mare	2.9	2.17	4	38	1	248	4	2
mark	0	93	1	0.92	1	2	93	7	0	0	0	0	100	100	NA	NA	NA	100	100	100	100	100	17	30	9	8	0	434	1	Mark	82.02	3.62	4	25	1	216	3	1
maroon	0	79	2.2	0.67	0.93	2	75	25	0	0	0	0	100	100	NA	NA	NA	100	100	100	100	100	4	6	2	1	1	503	1	maroon	1.2	1.79	6	1	1.85	760	5	2
mast	0	96	1	0.95	1	2	96	4	0	0	0	0	100	100	NA	NA	NA	100	100	100	100	100	3	4	0	3	0	558	0	mast	1.63	1.92	4	24	1	184	4	1
mat	0	70	3.1	0.54	0.81	3	68	23	6	2	0	0	98	92	98	NA	NA	92	98	100	100	100	12	10	5	6	1	537	1	mat	3.49	2.25	3	39	1	38	3	1
match	0	64	1.9	0.36	0.31	2	36	64	0	0	0	0	100	100	NA	NA	NA	100	100	100	100	100	9	19	4	5	0	490	1	match	49.43	3.4	5	9	1.4	340	3	1
mate	0	76	2.2	0.61	1	2	76	24	1	0	0	0	99	99	NA	NA	NA	99	100	100	100	100	12	12	5	6	0	506	1	mate	29.24	3.17	4	28	1	173	4	2
meal	0	83	2.1	0.74	1	2	83	17	0	0	0	0	100	100	NA	NA	NA	100	100	100	100	100	3	3	0	3	0	573	1	meal	28.86	3.17	4	18	1	155	3	1
meter	0	52	1.8	0.36	0.93	3	49	20	31	0	0	0	100	80	100	NA	NA	80	100	100	100	100	6	6	1	5	0	N/A	1	meter	6.22	2.5	5	5	1.55	481	5	2
mid	0	79	2.4	0.65	1	2	79	21	0	0	0	0	100	100	NA	NA	NA	100	100	100	100	100	2	1	0	0	1	N/A	0	mid	1.25	1.81	3	28	1	24	3	1
midst	0	64	2.4	0.33	0.64	2	41	59	0	0	0	0	100	100	NA	NA	NA	100	100	100	100	100	5	1	0	4	0	N/A	0	midst	3.43	2.25	5	1	1.85	195	5	1
mill	0	94	1.3	0.93	0.93	2	88	12	0	0	0	0	100	100	NA	NA	NA	100	100	100	100	100	10	9	5	5	0	N/A	1	mill	9.53	2.69	4	25	1	172	3	1
mint	0	70	2.2	0.52	0.76	2	60	38	2	0	0	0	98	98	NA	NA	NA	98	100	100	100	100	7	7	2	4	1	N/A	1	mint	5.43	2.44	4	25	1	191	4	1
mite	0	75	2.6	0.57	0.76	2	61	39	0	0	0	0	100	100	NA	NA	NA	100	100	100	100	100	4	2	0	4	0	387	0	mite	1.18	1.79	4	23	1	132	3	1
mode	0	88	2.3	0.81	0.94	2	86	14	0	0	0	0	100	100	NA	NA	NA	100	100	100	100	100	5	6	0	5	0	N/A	0	mode	5.16	2.42	4	17	1	121	3	1
mood	0	79	1.5	0.71	1	2	79	21	0	0	0	0	100	100	NA	NA	NA	100	100	100	100	100	4	3	0	4	0	394	1	mood	34.04	3.24	4	11	1.2	162	3	1
mortar	0	76	2.5	0.6	0.57	2	48	52	0	0	0	0	100	100	NA	NA	NA	100	100	100	100	100	6	4	1	5	0	449	0	mortar	2.29	2.07	6	1	1.9	449	5	2
mount	0	84	2.1	0.75	0.94	2	80	20	0	0	0	0	100	100	NA	NA	NA	100	100	100	100	100	11	13	8	3	0	N/A	0	Mount	11.71	2.78	5	3	1.7	278	4	1
mow	0	95	0.8	0.94	1	2	95	5	0	0	0	0	100	100	NA	NA	NA	100	100	100	100	100	6	3	4	2	0	N/A	1	mow	2.29	2.07	3	32	1	32	2	1
mule	0	97	0.7	0.97	1	2	97	3	0	0	0	0	100	100	NA	NA	NA	100	100	100	100	100	4	2	0	4	0	608	1	mule	7.02	2.56	4	11	1.35	121	4	1
multiply	0	82	2.2	0.73	1	2	82	18	0	0	0	0	100	100	NA	NA	NA	100	100	100	100	100	6	5	5	0	0	N/A	1	multiply	1.94	2	8	1	3.15	567	8	3
mum	0	81	2.9	0.77	0.64	3	51	5	34	9	0	0	91	85	91	NA	NA	85	95	100	100	100	4	4	1	1	1	N/A	0	Mum	21.73	3.04	3	20	1	18	3	1
mush	0	73	2.5	0.54	0.75	2	68	32	0	0	0	0	100	100	NA	NA	NA	100	100	100	100	100	5	6	1	3	0	N/A	0	mush	2.8	2.16	4	17	1	113	3	1
nag	0	92	1.6	0.88	1	2	92	8	0	0	0	0	100	100	NA	NA	NA	100	100	100	100	100	7	5	4	3	0	508	1	nag	2.18	2.05	3	33	1	32	3	1
nap	0	95	1.1	0.93	1	2	95	5	0	0	0	0	100	100	NA	NA	NA	100	100	100	100	100	5	6	3	2	0	N/A	1	nap	12.65	2.81	3	31	1	32	3	1
net	0	73	2.2	0.57	0.81	2	66	34	0	0	0	0	100	100	NA	NA	NA	100	100	100	100	100	11	12	3	5	3	540	1	net	15.55	2.9	3	25	1	23	3	1
nip	0	84	1.5	0.79	1	2	84	16	0	0	0	0	100	100	NA	NA	NA	100	100	100	100	100	11	9	7	4	0	486	0	nip	3.24	2.22	3	20	1	21	3	1
noodle	0	92	1.6	0.91	1	2	92	2	5	1	0	0	94	94	NA	NA	NA	97	99	100	100	100	2	2	1	1	0	530	0	noodle	2.9	2.17	6	5	1.7	606	4	2
novel	0	76	2.3	0.61	1	2	76	24	0	0	0	0	100	100	NA	NA	NA	100	100	100	100	100	2	4	0	1	1	547	1	novel	10.06	2.71	5	3	1.7	231	4	2
nun	0	95	0.9	0.94	1	2	95	5	0	0	0	0	100	100	NA	NA	NA	100	100	100	100	100	2	3	0	2	0	617	1	nun	6.96	2.55	3	18	1	18	3	1
opera	0	99	0.4	0.99	1	2	99	1	0	0	0	0	100	100	NA	NA	NA	100	100	100	100	100	4	3	0	4	0	N/A	1	opera	17.12	2.94	5	0	1.95	91	5	3
ounce	0	98	0.4	0.98	1	2	98	2	0	0	0	0	100	100	NA	NA	NA	100	100	100	100	100	4	3	0	4	0	457	1	ounce	4.04	2.32	5	2	1.7	176	3	1
pace	0	94	1.1	0.92	1	2	94	6	0	0	0	0	100	100	NA	NA	NA	100	100	100	100	100	13	10	8	4	0	N/A	0	pace	9.57	2.69	4	21	1	119	4	2
pack	0	84	2.6	0.74	0.94	2	83	12	5	0	0	0	95	95	NA	NA	NA	95	100	100	100	100	17	22	11	5	1	N/A	1	pack	43.82	3.35	4	25	1	156	3	1
pad	0	79	2.1	0.7	1	2	79	19	2	0	0	0	98	98	NA	NA	NA	98	100	100	100	100	14	11	4	10	0	N/A	1	pad	8.14	2.62	3	35	1	33	3	1
page	0	86	2	0.79	0.94	2	80	20	0	0	0	0	100	100	NA	NA	NA	100	100	100	100	100	8	9	3	5	0	555	1	page	37.49	3.28	4	15	1	102	3	1
painter	0	96	1.1	0.95	1	2	96	4	0	0	0	0	100	100	NA	NA	NA	100	100	100	100	100	3	4	0	3	0	565	1	painter	6.75	2.54	7	4	1.75	1773	6	2
palm	0	69	2.1	0.47	1	2	69	31	0	0	0	0	100	100	NA	NA	NA	100	100	100	100	100	7	5	2	5	0	555	1	palm	13.24	2.83	4	9	1.25	129	3	1
paste	0	94	1.3	0.92	1	2	94	6	0	0	0	0	100	100	NA	NA	NA	100	100	100	100	100	8	6	3	5	0	529	1	paste	1.71	1.94	5	12	1.1	320	4	1
pat	0	90	2.1	0.84	1	2	90	10	0	0	0	0	100	100	NA	NA	NA	100	100	100	100	100	9	7	3	2	3	386	1	Pat	18.29	2.97	3	42	1	36	3	1
pawn	0	60	1.7	0.27	0.77	2	53	47	0	0	0	0	100	100	NA	NA	NA	100	100	100	100	100	8	5	2	6	0	479	1	pawn	4.33	2.35	4	7	1.35	94	3	1
peaked	0	86	2.1	0.79	1	2	86	14	0	0	0	0	100	100	NA	NA	NA	100	100	100	100	100	2	2	0	0	2	N/A	0	peaked	1.22	1.8	6	6	1.7	1539	4	1
peck	0	93	1.4	0.91	0	2	7	93	0	0	0	0	100	100	NA	NA	NA	100	100	100	100	100	9	8	5	4	0	494	0	peck	3.53	2.26	4	15	1.15	115	3	1
peel	0	91	1.5	0.88	1	2	91	9	0	0	0	0	100	100	NA	NA	NA	100	100	100	100	100	7	6	5	2	0	436	1	peel	5.35	2.44	4	15	1.05	142	3	1
peep	0	71	2.3	0.54	0.94	2	66	32	1	1	0	0	98	98	NA	NA	NA	98	99	100	100	100	9	7	5	4	0	437	0	peep	4.43	2.36	4	15	1.05	132	3	1
peer	0	69	2.3	0.47	0.92	2	65	35	0	0	0	0	100	100	NA	NA	NA	100	100	100	100	100	4	3	2	2	0	376	1	peer	1.53	1.9	4	18	1	157	3	1
pen	0	78	2.3	0.65	1	2	78	22	0	0	0	0	100	100	NA	NA	NA	100	100	100	100	100	7	6	2	5	0	576	1	pen	24.73	3.1	3	29	1	26	3	1
perk	0	71	2.8	0.55	0.38	3	44	4	52	0	0	0	100	96	100	NA	NA	96	100	100	100	100	8	2	7	1	0	N/A	0	perk	1.41	1.86	4	18	1	140	3	1
pet	0	93	1.5	0.9	1	2	93	7	0	0	0	0	100	100	NA	NA	NA	100	100	100	100	100	8	7	3	3	2	589	1	pet	20.18	3.01	3	31	1	25	3	1
piano	0	91	1.9	0.87	1	2	91	9	0	0	0	0	100	100	NA	NA	NA	100	100	100	100	100	4	4	0	2	1	630	1	piano	24.86	3.1	5	0	1.85	183	5	2
pie	0	99	0.4	0.99	1	2	99	1	0	0	0	0	100	100	NA	NA	NA	100	100	100	100	100	2	2	0	2	0	604	1	pie	28.75	3.17	3	24	1	22	2	1
pike	0	58	2.5	0.51	0.36	4	21	25	45	10	0	0	100	69	90	100	NA	69	90	100	100	100	5	5	0	5	0	N/A	1	Pike	4.59	2.37	4	17	1	103	3	1
pile	0	79	2.7	0.76	0.94	3	77	12	11	0	0	0	100	89	100	NA	NA	89	100	100	100	100	15	11	8	7	0	513	1	pile	13.18	2.83	4	19	1	157	3	1
pine	0	77	2.1	0.66	0.93	2	76	23	1	0	0	0	99	99	NA	NA	NA	99	100	100	100	100	4	3	2	2	0	617	1	pine	6.2	2.5	4	26	1	195	3	1
pink	0	98	0.5	0.97	1	2	98	2	0	0	0	0	100	100	NA	NA	NA	100	100	100	100	100	8	7	3	3	2	N/A	1	pink	28.47	3.16	4	24	1	182	4	1
pipe	0	88	2.5	0.79	1	2	88	9	3	0	0	0	97	97	NA	NA	NA	97	100	100	100	100	15	10	6	9	0	598	1	pipe	19.39	3	4	12	1.15	85	3	1
pit	0	75	2	0.61	0.73	2	59	41	0	0	0	0	100	100	NA	NA	NA	100	100	100	100	100	16	11	5	11	0	589	1	pit	13.22	2.83	3	36	1	30	3	1
pitch	0	88	1.8	0.85	1	2	88	9	3	0	0	0	97	97	NA	NA	NA	97	100	100	100	100	23	22	14	9	0	N/A	1	pitch	15.53	2.9	5	14	1.15	255	3	1
pitcher	0	63	2	0.32	0.65	2	43	57	0	0	0	0	100	100	NA	NA	NA	100	100	100	100	100	4	4	0	4	0	N/A	1	pitcher	3.24	2.22	7	7	1.6	1622	5	2
plane	0	83	2.1	0.77	0.88	2	78	14	8	0	0	0	92	92	NA	NA	NA	92	100	100	100	100	10	9	3	5	2	556	1	plane	95.53	3.69	5	6	1.35	299	4	1
plight	0	87	2.3	0.8	0.87	2	78	22	0	0	0	0	100	100	NA	NA	NA	100	100	100	100	100	4	4	3	1	0	N/A	0	plight	1.24	1.81	6	4	1.75	214	4	1
plot	0	68	2	0.52	0.8	2	60	35	5	0	0	0	95	95	NA	NA	NA	95	100	100	100	100	8	7	5	3	0	420	1	plot	11.59	2.77	4	9	1.3	74	4	1
plump	0	84	2.1	0.76	1	2	84	16	0	0	0	0	100	100	NA	NA	NA	100	100	100	100	100	11	7	4	2	2	N/A	0	plump	1.47	1.88	5	5	1.6	149	5	1
pod	0	79	2.6	0.65	0.8	2	71	29	0	0	0	0	100	100	NA	NA	NA	100	100	100	100	100	5	6	2	3	0	N/A	0	pod	8	2.61	3	32	1	30	3	1
poker	0	74	2.4	0.55	0.29	2	26	74	0	0	0	0	100	100	NA	NA	NA	100	100	100	100	100	2	2	0	2	0	N/A	1	poker	16.06	2.91	5	10	1.35	474	5	2
policy	0	60	1.8	0.25	0.88	2	54	46	0	0	0	0	100	100	NA	NA	NA	100	100	100	100	100	3	3	0	3	0	N/A	1	policy	27.02	3.14	6	1	2.1	400	6	3
pool	0	64	1.6	0.4	0.83	2	58	42	0	0	0	0	100	100	NA	NA	NA	100	100	100	100	100	11	11	3	8	0	577	1	pool	46.98	3.38	4	15	1.05	151	3	1
poop	0	66	2.6	0.59	0	4	9	21	5	66	0	0	100	86	95	100	NA	86	95	100	100	100	6	4	2	4	0	N/A	0	poop	5.59	2.46	4	15	1.1	158	3	1
pop	0	51	2	0.32	0.58	3	39	36	16	8	0	0	92	75	92	NA	NA	75	92	100	100	100	20	19	12	5	2	N/A	1	Pop	67.47	3.54	3	29	1	26	9	4
port	0	48	2.5	0.36	0.81	5	44	19	14	15	6	2	98	62	78	92	98	62	78	92	98	100	16	14	3	11	2	546	1	port	14.53	2.87	4	20	1	170	3	1
pose	0	79	2.1	0.67	0.94	2	74	26	0	0	0	0	100	100	NA	NA	NA	100	100	100	100	100	8	9	6	2	0	N/A	0	pose	6.8	2.54	4	20	1	125	3	1
post	0	43	1.1	0.18	0.56	3	36	32	32	0	0	0	100	68	100	NA	NA	68	100	100	100	100	15	23	7	6	0	518	1	post	32.43	3.22	4	18	1	147	4	1
pot	0	62	1.7	0.33	0.71	2	48	52	0	0	0	0	100	100	NA	NA	NA	100	100	100	100	100	8	10	3	5	0	598	1	pot	22.53	3.06	3	36	1	30	3	1
pound	0	51	2.1	0.33	0.24	3	35	45	21	0	0	0	100	79	100	NA	NA	79	100	100	100	100	15	20	7	8	0	553	1	pound	13.88	2.85	5	7	1.55	236	4	1
pout	0	98	0.7	0.98	1	2	98	2	0	0	0	0	100	100	NA	NA	NA	100	100	100	100	100	6	5	3	3	0	N/A	0	pout	1.08	1.75	4	14	1	112	3	1
prayer	0	83	2.5	0.72	1	2	83	17	0	0	0	0	100	100	NA	NA	NA	100	100	100	100	100	5	5	0	5	0	492	1	prayer	15.78	2.91	6	4	1.65	1238	4	1
present	1	53	1.1	0.08	0.86	2	47	53	0	0	0	0	100	100	NA	NA	NA	100	100	100	100	100	13	18	6	2	5	481	1	present	89.45	3.66	7	1	1.8	746	6	2
press	0	91	1.1	0.9	1	2	91	9	0	0	0	0	100	100	NA	NA	NA	100	100	100	100	100	17	24	11	6	0	N/A	1	press	60.2	3.49	5	7	1.55	203	4	1
prior	0	87	2.2	0.8	1	2	87	13	0	0	0	0	100	100	NA	NA	NA	100	100	100	100	100	3	2	0	1	2	274	0	prior	8.27	2.63	5	0	1.8	236	5	2
pro	0	72	2.4	0.51	0.31	2	29	71	0	0	0	0	100	100	NA	NA	NA	100	100	100	100	100	6	4	0	4	1	N/A	1	pro	14.16	2.86	3	13	1	13	5	3
prop	0	61	2.1	0.43	0.65	3	52	38	11	0	0	0	100	89	100	NA	NA	89	100	100	100	100	6	4	2	4	0	450	0	prop	3.69	2.28	4	17	1	86	4	1
prune	0	68	2.4	0.44	0.93	2	66	34	0	0	0	0	100	100	NA	NA	NA	100	100	100	100	100	6	3	4	2	0	578	1	prune	1.47	1.88	5	2	1.7	211	4	1
pry	0	72	2.3	0.54	0.5	2	38	62	0	0	0	0	100	100	NA	NA	NA	100	100	100	100	100	6	5	4	2	0	N/A	0	pry	4.12	2.32	3	16	1	15	3	1
pug	0	92	1.4	0.89	1	2	92	6	2	0	0	0	98	98	NA	NA	NA	98	100	100	100	100	3	1	2	1	0	N/A	0	Pug	1.02	1.72	3	21	1	21	3	1
pulse	0	95	1.1	0.94	1	2	95	5	0	0	0	0	100	100	NA	NA	NA	100	100	100	100	100	7	7	1	6	0	N/A	0	pulse	23.53	3.08	5	1	1.75	208	4	1
pump	0	82	2.4	0.71	1	2	82	18	0	0	0	0	100	100	NA	NA	NA	100	100	100	100	100	13	11	11	2	0	556	1	pump	12.65	2.81	4	14	1.1	93	4	1
punch	0	58	2.3	0.44	0.73	3	53	20	27	0	0	0	100	80	100	NA	NA	80	100	100	100	100	10	6	5	5	0	527	1	punch	29.69	3.18	5	5	1.65	270	4	1
pupil	0	70	1.9	0.51	0.27	2	31	69	0	0	0	0	100	100	NA	NA	NA	100	100	100	100	100	2	3	0	2	0	572	1	pupil	3.14	2.21	5	1	1.9	110	5	2
pussy	0	91	1.9	0.87	1	2	91	9	0	0	0	0	100	100	NA	NA	NA	100	100	100	100	100	4	3	0	3	1	N/A	0	pussy	25.67	3.12	5	7	1.6	186	4	2
putter	0	78	2.9	0.69	0.19	3	21	72	7	0	0	0	100	93	100	NA	NA	93	100	100	100	100	4	5	1	3	0	N/A	0	putter	1.37	1.85	6	12	1.25	1551	5	2
quack	0	75	2.7	0.57	0.69	2	58	42	0	0	0	0	100	100	NA	NA	NA	100	100	100	100	100	6	5	2	3	1	446	1	quack	4.63	2.37	5	2	1.8	173	4	1
quail	0	83	2	0.76	0.93	2	80	20	0	0	0	0	100	100	NA	NA	NA	100	100	100	100	100	2	3	1	1	0	505	1	quail	1.33	1.84	5	0	1.85	123	4	1
race	0	54	1.1	0.12	0.88	2	52	48	0	0	0	0	100	100	NA	NA	NA	100	100	100	100	100	13	10	4	9	0	457	1	race	61.9	3.5	4	20	1	113	3	1
rack	0	80	1.9	0.83	1	5	80	12	1	6	1	0	100	92	98	99	100	92	98	99	100	100	15	18	7	8	0	439	1	rack	7.78	2.6	4	20	1	150	3	1
raft	0	97	0.8	0.96	1	2	97	3	0	0	0	0	100	100	NA	NA	NA	100	100	100	100	100	7	5	3	4	0	N/A	1	raft	4.71	2.38	4	10	1.1	85	4	1
rag	0	64	2.8	0.52	1	3	64	19	18	0	0	0	100	82	100	NA	NA	82	100	100	100	100	7	11	1	6	0	N/A	1	rag	4.78	2.39	3	30	1	28	3	1
rail	0	82	2.3	0.74	1	3	82	14	4	0	0	0	100	96	100	NA	NA	96	100	100	100	100	6	15	2	4	0	556	1	rail	4.57	2.37	4	17	1	133	3	1
rake	0	84	2.4	0.77	1	3	84	4	12	0	0	0	100	96	100	NA	NA	96	100	100	100	100	17	9	12	5	0	550	1	rake	2.98	2.18	4	23	1	122	3	1
rally	0	86	2.4	0.77	0.94	2	80	20	0	0	0	0	100	100	NA	NA	NA	100	100	100	100	100	14	10	9	5	0	N/A	0	rally	7.22	2.57	5	7	1.35	377	4	2
rank	0	75	2.2	0.6	1	2	75	25	0	0	0	0	100	100	NA	NA	NA	100	100	100	100	100	14	13	5	5	4	N/A	1	rank	8.49	2.64	4	17	1	176	4	1
rap	0	80	2	0.75	0.06	3	16	4	80	0	0	0	100	96	100	NA	NA	96	100	100	100	100	12	10	6	6	0	388	1	rap	13.04	2.82	3	28	1	28	3	1
rape	0	94	1.3	0.93	1	2	94	4	3	0	0	0	97	97	NA	NA	NA	97	100	100	100	100	6	5	3	3	0	565	1	rape	16	2.91	4	20	1	109	3	1
rare	0	67	1.9	0.45	1	2	67	33	0	0	0	0	100	100	NA	NA	NA	100	100	100	100	100	5	6	0	0	5	439	1	rare	21.31	3.04	4	26	1	229	3	1
rash	0	62	1.3	0.36	0.56	2	45	55	0	0	0	0	100	100	NA	NA	NA	100	100	100	100	100	4	4	0	2	2	520	1	rash	8.04	2.61	4	18	1	155	3	1
rate	0	84	2	0.76	0.94	2	81	19	0	0	0	0	100	100	NA	NA	NA	100	100	100	100	100	14	7	8	6	0	311	1	rate	24.92	3.1	4	28	1	154	3	1
rating	0	97	0.7	0.97	1	2	97	3	0	0	0	0	100	100	NA	NA	NA	100	100	100	100	100	2	4	0	2	0	310	0	rating	2.2	2.05	6	11	1.05	1033	5	2
raven	0	82	2.3	0.71	0.75	2	68	22	10	0	0	0	90	90	NA	NA	NA	90	100	100	100	100	6	5	3	2	1	N/A	0	Raven	3.12	2.2	5	10	1.3	275	4	2
ray	0	79	2.5	0.66	1	2	79	21	1	0	0	0	99	99	NA	NA	NA	99	100	100	100	100	4	10	0	4	0	556	1	Ray	97.37	3.7	3	28	1	29	2	1
rear	0	70	2.2	0.51	1	2	70	29	1	0	0	0	99	99	NA	NA	NA	99	100	100	100	100	9	11	4	4	1	455	1	rear	12.43	2.8	4	18	1	149	3	1
reef	0	87	2.5	0.78	1	2	87	9	4	0	0	0	96	96	NA	NA	NA	96	100	100	100	100	4	5	1	3	0	N/A	1	reef	4	2.31	4	7	1.5	126	3	1
reel	0	82	1.7	0.78	0.88	3	76	21	3	0	0	0	100	97	100	NA	NA	97	100	100	100	100	11	9	7	4	0	487	1	reel	3.25	2.22	4	13	1	136	3	1
refrain	0	67	2.3	0.41	1	2	67	33	0	0	0	0	100	100	NA	NA	NA	100	100	100	100	100	3	3	1	2	0	370	1	refrain	2.04	2.02	7	1	2.25	671	6	2
refund	0	65	2.6	0.34	1	2	65	35	0	0	0	0	100	100	NA	NA	NA	100	100	100	100	100	5	3	4	1	0	N/A	0	refund	2.76	2.15	6	0	1.95	372	6	2
refuse	0	79	2.3	0.66	1	2	79	21	0	0	0	0	100	100	NA	NA	NA	100	100	100	100	100	5	7	3	1	1	419	1	refuse	20.98	3.03	6	4	1.6	399	6	2
rejoin	0	90	2	0.85	1	2	90	10	0	0	0	0	100	100	NA	NA	NA	100	100	100	100	100	6	2	6	0	0	N/A	0	rejoin	1.25	1.81	6	0	1.95	410	5	2
relief	0	89	1.8	0.84	1	2	89	11	0	0	0	0	100	100	NA	NA	NA	100	100	100	100	100	7	11	0	7	0	432	1	relief	14.59	2.87	6	3	1.8	578	5	2
rent	0	90	1.7	0.89	1	2	90	7	3	0	0	0	97	97	NA	NA	NA	97	100	100	100	100	8	8	5	3	0	469	1	rent	34.55	3.25	4	21	1	142	4	1
repair	0	96	0.8	0.96	1	2	96	4	0	0	0	0	100	100	NA	NA	NA	100	100	100	100	100	8	8	4	4	0	440	1	repair	8.82	2.65	6	1	1.9	382	5	2
repent	0	93	1.7	0.9	1	2	93	7	0	0	0	0	100	100	NA	NA	NA	100	100	100	100	100	4	2	3	0	1	N/A	0	repent	2.41	2.09	6	5	1.7	522	6	2
retainer	0	79	2.3	0.67	0.93	2	72	21	7	0	0	0	93	93	NA	NA	NA	93	100	100	100	100	3	3	0	3	0	N/A	0	retainer	2.12	2.04	8	2	1.85	1584	7	3
revere	0	90	1.7	0.86	1	2	90	10	0	0	0	0	100	100	NA	NA	NA	100	100	100	100	100	2	4	1	1	0	N/A	0	Revere	1.12	1.76	6	3	1.65	652	5	2
rib	0	92	1.2	0.91	1	2	92	8	0	0	0	0	100	100	NA	NA	NA	100	100	100	100	100	8	8	3	5	0	586	1	rib	5.9	2.48	3	25	1	22	3	1
riddle	0	88	2.1	0.81	1	2	88	12	0	0	0	0	100	100	NA	NA	NA	100	100	100	100	100	7	8	4	3	0	455	1	riddle	4.53	2.37	6	7	1.45	578	4	2
rifle	0	85	1.5	0.8	1	2	85	15	0	0	0	0	100	100	NA	NA	NA	100	100	100	100	100	5	3	2	3	0	581	1	rifle	14.57	2.87	5	1	1.65	147	4	2
ring	0	54	0.9	0.14	0.93	2	52	48	0	0	0	0	100	100	NA	NA	NA	100	100	100	100	100	28	15	13	15	0	601	1	ring	92.75	3.67	4	17	1	191	3	1
ringer	0	70	2	0.51	0.33	2	35	65	0	0	0	0	100	100	NA	NA	NA	100	100	100	100	100	4	4	0	4	0	N/A	0	ringer	1.67	1.93	6	11	1.25	1475	5	2
rip	0	75	2.5	0.61	1	3	75	22	2	1	0	0	99	96	99	NA	NA	96	99	100	100	100	7	8	3	4	0	N/A	1	rip	20.16	3.01	3	26	1	26	5	3
roach	0	90	1.7	0.86	1	2	90	9	1	0	0	0	99	99	NA	NA	NA	99	100	100	100	100	3	7	0	3	0	N/A	1	roach	2.65	2.13	5	5	1.65	259	3	1
rock	0	54	0.9	0.14	0.84	2	51	49	0	0	0	0	100	100	NA	NA	NA	100	100	100	100	100	13	9	6	6	1	612	1	rock	86.16	3.64	4	15	1	130	3	1
rocket	0	99	0.4	0.99	1	2	99	1	0	0	0	0	100	100	NA	NA	NA	100	100	100	100	100	8	7	3	5	0	612	1	rocket	11.84	2.78	6	9	1.45	708	5	2
rocky	0	68	2.3	0.45	0.79	2	63	33	4	0	0	0	96	96	NA	NA	NA	96	100	100	100	100	6	4	0	0	6	N/A	0	Rocky	15.82	2.91	5	5	1.65	254	4	2
rook	0	80	2.8	0.66	0.29	2	24	69	7	0	0	0	93	93	NA	NA	NA	93	100	100	100	100	3	3	1	2	0	N/A	0	Rook	1.39	1.86	4	18	1	145	3	1
root	0	57	2.4	0.39	0.53	3	40	21	37	2	0	0	98	77	98	NA	NA	77	98	100	100	100	16	15	10	6	0	565	1	root	10.47	2.73	4	17	1	153	3	1
rose	0	62	2.1	0.31	0.94	2	61	39	0	0	0	0	100	100	NA	NA	NA	100	100	100	100	100	8	4	1	4	3	623	1	Rose	53.02	3.43	4	22	1	118	4	2
row	0	56	1.6	0.29	0.82	3	53	38	9	0	0	0	100	91	100	NA	NA	91	100	100	100	100	11	8	6	5	0	N/A	1	row	26.33	3.13	3	27	1	27	2	1
rubber	0	96	1.1	0.96	1	2	96	3	1	0	0	0	99	99	NA	NA	NA	99	100	100	100	100	10	7	0	9	1	599	1	rubber	14	2.85	6	5	1.6	1194	5	2
rung	0	76	2.1	0.63	0.8	2	66	34	0	0	0	0	100	100	NA	NA	NA	100	100	100	100	100	2	2	1	1	0	480	1	rung	1.39	1.86	4	15	1	140	3	1
rush	0	91	1.2	0.9	1	2	91	7	2	0	0	0	98	98	NA	NA	NA	98	100	100	100	100	13	16	7	6	0	404	1	rush	31.41	3.2	4	16	1	111	3	1
rut	0	82	2.4	0.72	0.79	2	68	32	0	0	0	0	100	100	NA	NA	NA	100	100	100	100	100	5	5	2	3	0	N/A	0	rut	1.53	1.9	3	20	1	18	3	1
rye	0	99	0.4	0.98	1	2	99	1	0	0	0	0	100	100	NA	NA	NA	100	100	100	100	100	5	3	0	5	0	459	1	rye	4.16	2.33	3	16	1	13	2	1
sack	0	72	2	0.6	1	3	72	24	2	2	0	0	98	96	98	NA	NA	96	98	100	100	100	11	13	3	8	0	548	1	sack	12.92	2.82	4	19	1	145	3	1
sage	0	71	2.4	0.5	0.53	2	42	58	0	0	0	0	100	100	NA	NA	NA	100	100	100	100	100	5	5	0	4	1	434	1	sage	1.75	1.95	4	18	1	91	3	1
sap	0	79	2.3	0.68	1	2	79	14	7	0	0	0	93	93	NA	NA	NA	93	100	100	100	100	8	5	4	4	0	451	1	sap	3.49	2.25	3	39	1	36	3	1
sash	0	84	1.9	0.78	0.93	2	80	20	0	0	0	0	100	100	NA	NA	NA	100	100	100	100	100	3	2	1	2	0	488	1	sash	1.14	1.77	4	15	1	150	3	1
scale	0	63	2.5	0.52	0	3	17	58	25	0	0	0	100	83	100	NA	NA	83	100	100	100	100	17	18	6	11	0	463	1	scale	9.51	2.69	5	8	1.4	200	4	1
scarf	0	70	2.7	0.55	0.93	3	68	5	27	0	0	0	100	95	100	NA	NA	95	100	100	100	100	8	5	5	3	0	N/A	1	scarf	4.69	2.38	5	5	1.55	161	4	1
scram	0	94	1.5	0.92	0.94	2	93	7	0	0	0	0	100	100	NA	NA	NA	100	100	100	100	100	3	1	2	1	0	N/A	0	scram	3.51	2.26	5	3	1.65	129	5	1
scrap	0	65	2.5	0.37	0.94	2	64	36	0	0	0	0	100	100	NA	NA	NA	100	100	100	100	100	8	7	2	4	2	N/A	1	scrap	4.37	2.35	5	4	1.6	120	5	1
scrub	0	69	2.3	0.47	0.88	2	67	26	6	1	0	0	94	94	NA	NA	NA	94	99	100	100	100	12	6	5	5	2	N/A	1	scrub	6.24	2.5	5	3	1.8	91	5	1
seal	0	64	2.1	0.39	0.79	2	56	41	3	0	0	0	97	97	NA	NA	NA	97	100	100	100	100	14	15	5	9	0	563	1	seal	14.75	2.88	4	18	1	147	3	1
sec	0	83	1.8	0.77	0	2	17	83	0	0	0	0	100	100	NA	NA	NA	100	100	100	100	100	2	4	0	1	1	N/A	0	sec	17.2	2.94	3	21	1	20	8	3
settle	0	94	1	0.93	1	2	94	6	0	0	0	0	100	100	NA	NA	NA	100	100	100	100	100	13	23	12	1	0	N/A	0	settle	42.02	3.33	6	5	1.55	672	4	2
sewer	0	84	2.4	0.74	1	2	84	16	0	0	0	0	100	100	NA	NA	NA	100	100	100	100	100	2	3	0	2	0	538	0	sewer	4.71	2.38	5	6	1.55	394	4	2
shag	0	77	2.8	0.62	0.79	2	62	23	14	0	0	0	86	86	NA	NA	NA	86	100	100	100	100	5	6	2	2	1	N/A	1	shag	1.9	1.99	4	16	1	87	3	1
shark	0	82	1.8	0.74	1	2	82	18	0	0	0	0	100	100	NA	NA	NA	100	100	100	100	100	4	5	1	3	0	602	1	shark	14.98	2.88	5	8	1.4	254	3	1
shed	0	62	1.9	0.32	0.9	2	60	40	0	0	0	0	100	100	NA	NA	NA	100	100	100	100	100	8	6	7	1	0	602	1	shed	10.98	2.75	4	14	1	111	3	1
sheer	0	84	2.3	0.74	0.93	2	81	19	0	0	0	0	100	100	NA	NA	NA	100	100	100	100	100	7	8	2	1	3	440	0	sheer	4.57	2.37	5	10	1.3	493	3	1
sheet	0	89	2.3	0.82	1	2	89	11	0	0	0	0	100	100	NA	NA	NA	100	100	100	100	100	8	10	2	6	0	594	1	sheet	11.61	2.77	5	7	1.55	268	3	1
shin	0	94	1.8	0.91	1	2	94	6	0	0	0	0	100	100	NA	NA	NA	100	100	100	100	100	5	5	2	3	0	N/A	0	Shin	3.08	2.2	4	11	1.15	105	3	1
shiver	0	90	1.3	0.88	1	2	90	10	0	0	0	0	100	100	NA	NA	NA	100	100	100	100	100	7	4	5	2	0	578	1	shiver	1.53	1.9	6	3	1.55	1321	5	2
shock	0	84	2.4	0.8	1	3	84	7	7	3	0	0	97	90	97	NA	NA	90	97	100	100	100	11	16	5	6	0	471	1	shock	28.78	3.17	5	7	1.5	249	3	1
shook	0	95	1.2	0.94	1	2	95	5	0	0	0	0	100	100	NA	NA	NA	100	100	100	100	100	3	1	1	2	0	N/A	0	shook	5.94	2.48	5	8	1.45	218	3	1
shore	0	89	1.5	0.86	1	2	89	11	0	0	0	0	100	100	NA	NA	NA	100	100	100	100	100	4	5	1	3	0	624	1	Shore	19.86	3.01	5	16	1	273	3	1
shower	0	91	1.2	0.89	1	2	91	9	0	0	0	0	100	100	NA	NA	NA	100	100	100	100	100	10	11	4	6	0	615	1	shower	41.12	3.32	6	2	1.8	1223	4	2
shy	0	94	1.8	0.9	1	2	94	6	0	0	0	0	100	100	NA	NA	NA	100	100	100	100	100	10	7	4	2	4	N/A	1	shy	18.37	2.97	3	14	1.1	9	2	1
sin	0	91	1.9	0.88	1	2	91	7	1	0	0	0	99	99	NA	NA	NA	99	100	100	100	100	5	8	1	4	0	441	1	sin	15.94	2.91	3	31	1	28	3	1
size	0	96	0.7	0.96	1	2	96	4	0	0	0	0	100	100	NA	NA	NA	100	100	100	100	100	7	9	3	4	0	415	1	size	46.14	3.37	4	5	1.5	51	3	1
skate	0	89	2.1	0.83	1	2	89	11	0	0	0	0	100	100	NA	NA	NA	100	100	100	100	100	3	3	1	2	0	563	1	skate	5.9	2.48	5	4	1.6	161	4	1
skipper	0	74	2.6	0.55	0.62	2	55	45	0	0	0	0	100	100	NA	NA	NA	100	100	100	100	100	4	4	1	3	0	N/A	0	Skipper	10.25	2.72	7	3	1.7	1250	6	2
slack	0	94	1.3	0.92	1	2	94	6	0	0	0	0	100	100	NA	NA	NA	100	100	100	100	100	12	18	3	3	5	N/A	0	slack	5.92	2.48	5	9	1.4	275	4	1
slam	0	96	0.8	0.96	1	2	96	4	0	0	0	0	100	100	NA	NA	NA	100	100	100	100	100	7	8	4	3	0	N/A	0	slam	5.8	2.47	4	20	1	105	4	1
slew	0	78	3.1	0.71	0.67	3	61	15	16	8	0	0	92	77	93	NA	NA	77	93	100	100	100	4	3	2	2	0	N/A	0	slew	1.31	1.83	4	12	1.25	73	3	1
slick	0	70	2.8	0.47	0.94	2	69	30	1	0	0	0	99	99	NA	NA	NA	99	100	100	100	100	7	10	2	2	3	N/A	1	slick	6.86	2.55	5	10	1.35	234	4	1
sling	0	94	1.1	0.93	1	2	94	6	0	0	0	0	100	100	NA	NA	NA	100	100	100	100	100	6	6	2	4	0	N/A	1	sling	2.29	2.07	5	10	1.35	303	4	1
slip	0	83	1.7	0.76	1	2	83	17	0	0	0	0	100	100	NA	NA	NA	100	100	100	100	100	21	24	12	9	0	497	1	slip	25.88	3.12	4	11	1.3	59	4	1
slug	0	72	2.3	0.52	0.81	2	62	38	0	0	0	0	100	100	NA	NA	NA	100	100	100	100	100	7	5	2	5	0	N/A	1	slug	4.96	2.4	4	11	1.3	60	4	1
smack	0	73	2.8	0.63	0.06	4	14	73	1	10	1	0	99	87	97	99	NA	87	97	99	100	100	15	12	6	7	0	601	0	smack	9.51	2.69	5	5	1.6	146	4	1
smelt	0	74	2.6	0.62	0.21	3	25	17	59	0	0	0	100	83	100	NA	NA	83	100	100	100	100	4	3	3	1	0	473	1	smelt	1.02	1.72	5	2	1.8	86	5	1
snuff	0	75	2.7	0.6	0.81	2	64	33	2	0	0	0	98	98	NA	NA	NA	98	100	100	100	100	9	7	5	4	0	N/A	0	snuff	2	2.01	5	3	1.7	75	4	1
sock	0	72	2.1	0.56	0.93	2	71	29	0	0	0	0	100	100	NA	NA	NA	100	100	100	100	100	4	3	1	3	0	553	1	sock	8.98	2.66	4	18	1	133	3	1
soil	0	63	1.6	0.37	0.88	2	61	39	0	0	0	0	100	100	NA	NA	NA	100	100	100	100	100	10	5	3	7	0	566	1	soil	7.78	2.6	4	10	1.25	97	3	1
sole	0	67	2.2	0.47	0.44	3	41	56	2	0	0	0	100	98	100	NA	NA	98	100	100	100	100	5	7	1	2	2	462	1	sole	5.25	2.43	4	17	1	167	3	1
sounding	0	93	1.7	0.9	0.94	2	88	12	0	0	0	0	100	100	NA	NA	NA	100	100	100	100	100	3	5	0	1	2	N/A	0	sounding	3.78	2.29	8	6	1.65	3141	6	2
sow	0	80	2.1	0.7	0.69	2	63	37	0	0	0	0	100	100	NA	NA	NA	100	100	100	100	100	5	4	4	1	0	479	1	sow	1.92	2	3	32	1	32	2	1
spade	0	74	2.1	0.59	0.44	2	38	62	0	0	0	0	100	100	NA	NA	NA	100	100	100	100	100	7	4	1	6	0	578	1	Spade	2.31	2.08	5	8	1.45	174	4	1
span	0	93	1.8	0.9	1	2	93	7	0	0	0	0	100	100	NA	NA	NA	100	100	100	100	100	10	7	4	6	0	381	1	span	1.98	2.01	4	10	1.1	77	4	1
spank	0	93	1.5	0.91	1	2	93	7	0	0	0	0	100	100	NA	NA	NA	100	100	100	100	100	3	2	2	1	0	522	1	spank	3.39	2.24	5	7	1.4	235	5	1
spat	0	76	2.8	0.68	0.5	4	38	55	5	1	0	0	100	93	99	100	NA	93	99	100	100	100	7	10	3	4	0	N/A	0	spat	1.55	1.9	4	13	1	68	4	1
spear	0	95	1.2	0.94	0.92	2	92	8	0	0	0	0	100	100	NA	NA	NA	100	100	100	100	100	6	4	3	3	0	545	0	spear	4.55	2.37	5	5	1.55	200	4	1
spell	0	53	1.8	0.34	0.89	3	51	28	21	0	0	0	100	79	100	NA	NA	79	100	100	100	100	11	10	5	6	0	429	1	spell	36.65	3.27	5	9	1.4	178	4	1
sperm	0	92	1.7	0.88	1	2	92	8	0	0	0	0	100	100	NA	NA	NA	100	100	100	100	100	4	1	0	4	0	548	0	sperm	6.24	2.5	5	0	1.85	145	4	1
spike	0	92	2.1	0.87	1	2	92	7	2	0	0	0	98	98	NA	NA	NA	98	100	100	100	100	11	15	5	6	0	573	1	Spike	12.25	2.8	5	7	1.4	144	4	1
spill	0	97	0.6	0.97	1	2	97	3	0	0	0	0	100	100	NA	NA	NA	100	100	100	100	100	11	9	6	5	0	N/A	1	spill	8.47	2.64	5	8	1.45	214	4	1
spit	0	85	1.8	0.8	1	2	85	15	0	0	0	0	100	100	NA	NA	NA	100	100	100	100	100	10	8	6	4	0	N/A	1	spit	19.35	2.99	4	12	1	64	4	1
spoke	0	70	2	0.5	1	2	70	30	0	0	0	0	100	100	NA	NA	NA	100	100	100	100	100	4	2	2	2	0	466	0	spoke	38.63	3.29	5	6	1.45	152	4	1
spray	0	96	1.1	0.95	1	2	96	4	0	0	0	0	100	100	NA	NA	NA	100	100	100	100	100	10	9	4	6	0	559	1	spray	9.65	2.69	5	3	1.65	162	4	1
spruce	0	71	2.3	0.5	0.6	2	48	52	0	0	0	0	100	100	NA	NA	NA	100	100	100	100	100	5	5	2	2	1	532	0	spruce	1.1	1.76	6	0	2	237	5	1
squash	0	68	2.7	0.46	0.93	2	66	32	2	0	0	0	98	98	NA	NA	NA	98	100	100	100	100	10	4	5	5	0	N/A	1	squash	4.37	2.35	6	1	1.85	150	5	1
stable	0	67	2.1	0.42	0.93	2	60	40	0	0	0	0	100	100	NA	NA	NA	100	100	100	100	100	8	7	2	2	4	537	1	stable	13.2	2.83	6	2	1.55	621	5	2
staff	0	89	1.4	0.86	1	2	89	11	0	0	0	0	100	100	NA	NA	NA	100	100	100	100	100	10	8	1	7	2	478	1	staff	32	3.21	5	3	1.8	188	4	1
stake	0	66	2	0.41	0.72	2	53	47	0	0	0	0	100	100	NA	NA	NA	100	100	100	100	100	12	9	5	7	0	506	1	stake	16.61	2.93	5	11	1.25	202	4	1
stalk	0	69	1.7	0.51	0.33	2	39	58	4	0	0	0	96	96	NA	NA	NA	96	100	100	100	100	9	8	4	5	0	440	1	stalk	1.69	1.94	5	5	1.65	195	4	1
stall	0	60	1.7	0.28	0.63	2	45	50	5	0	0	0	95	95	NA	NA	NA	95	100	100	100	100	18	14	9	9	0	N/A	1	stall	8.96	2.66	5	8	1.45	231	4	1
stamina	0	93	1.8	0.89	1	2	93	7	0	0	0	0	100	100	NA	NA	NA	100	100	100	100	100	2	1	0	2	0	N/A	0	stamina	1.59	1.91	7	0	2.1	1708	7	3
staple	0	75	2.3	0.59	0.94	2	71	29	0	0	0	0	100	100	NA	NA	NA	100	100	100	100	100	10	7	2	6	2	N/A	1	staple	1.12	1.76	6	1	1.75	585	5	2
steep	0	88	1.8	0.84	1	2	88	12	0	0	0	0	100	100	NA	NA	NA	100	100	100	100	100	8	6	3	3	2	N/A	1	steep	2.45	2.1	5	8	1.45	214	4	1
steer	0	86	1.7	0.81	0.88	2	76	24	0	0	0	0	100	100	NA	NA	NA	100	100	100	100	100	6	5	4	2	0	N/A	1	steer	5.98	2.49	5	7	1.45	487	4	1
stem	0	74	2.9	0.62	0.93	3	73	12	15	0	0	0	100	88	100	NA	NA	88	100	100	100	100	16	10	7	9	0	533	1	stem	2.24	2.06	4	7	1.45	46	4	1
stern	0	70	1.9	0.52	1	2	70	30	0	0	0	0	100	100	NA	NA	NA	100	100	100	100	100	3	7	0	1	2	424	1	Stern	6.41	2.52	5	3	1.65	198	4	1
stick	0	58	1.7	0.2	1	2	58	42	0	0	0	0	100	100	NA	NA	NA	100	100	100	100	100	21	26	14	7	0	517	1	stick	97.12	3.69	5	7	1.35	240	4	1
stir	0	95	0.8	0.94	1	2	95	5	0	0	0	0	100	100	NA	NA	NA	100	100	100	100	100	11	11	8	3	0	N/A	1	stir	5.9	2.48	4	5	1.5	42	4	1
stole	0	93	1.5	0.91	0.94	2	92	8	0	0	0	0	100	100	NA	NA	NA	100	100	100	100	100	3	1	1	2	0	441	0	stole	53.16	3.43	5	8	1.35	259	4	1
stoop	0	67	2.4	0.48	0.44	3	45	50	5	0	0	0	100	95	100	NA	NA	95	100	100	100	100	9	8	4	5	0	N/A	0	stoop	2.45	2.1	5	10	1.4	210	4	1
stove	0	90	1.5	0.87	1	2	90	10	0	0	0	0	100	100	NA	NA	NA	100	100	100	100	100	3	2	1	2	0	592	1	stove	7.59	2.59	5	8	1.4	210	4	1
strain	0	81	2	0.71	0.94	2	79	21	0	0	0	0	100	100	NA	NA	NA	100	100	100	100	100	20	21	11	9	0	402	1	strain	7.08	2.56	6	2	1.75	481	5	1
strand	0	65	2.3	0.36	0.67	2	49	51	0	0	0	0	100	100	NA	NA	NA	100	100	100	100	100	10	7	5	5	0	431	1	strand	1.84	1.98	6	0	1.85	443	6	1
strapping	0	78	2.2	0.66	0.53	2	56	44	0	0	0	0	100	100	NA	NA	NA	100	100	100	100	100	3	1	0	2	1	N/A	0	strapping	1	1.72	9	3	1.8	2696	7	2
strip	0	61	1.4	0.3	0.95	2	58	42	0	0	0	0	100	100	NA	NA	NA	100	100	100	100	100	9	19	7	2	0	N/A	1	strip	15.69	2.9	5	5	1.55	187	5	1
stripe	0	84	2	0.76	1	2	84	15	1	0	0	0	99	99	NA	NA	NA	99	100	100	100	100	6	6	1	5	0	562	1	stripe	1.45	1.88	6	7	1.3	397	5	1
strut	0	89	1.8	0.86	1	2	89	9	2	0	0	0	98	98	NA	NA	NA	98	100	100	100	100	4	3	1	3	0	437	0	strut	1.57	1.91	5	4	1.7	175	5	1
stud	0	70	1.9	0.52	0.24	2	34	66	0	0	0	0	100	100	NA	NA	NA	100	100	100	100	100	11	7	2	8	1	N/A	1	stud	6.94	2.55	4	5	1.55	38	4	1
stunt	0	62	1.8	0.32	0.44	2	38	62	0	0	0	0	100	100	NA	NA	NA	100	100	100	100	100	6	4	2	4	0	429	0	stunt	9.2	2.67	5	6	1.55	236	5	1
supply	0	91	1.5	0.89	1	2	91	9	0	0	0	0	100	100	NA	NA	NA	100	100	100	100	100	10	7	4	5	0	340	1	supply	18.67	2.98	6	1	1.95	424	5	2
swallow	0	80	2.1	0.7	1	2	80	20	0	0	0	0	100	100	NA	NA	NA	100	100	100	100	100	10	11	6	4	0	554	1	swallow	12.73	2.81	7	1	1.9	263	5	2
swarm	0	92	1.3	0.9	1	2	92	8	0	0	0	0	100	100	NA	NA	NA	100	100	100	100	100	9	4	6	3	0	488	0	swarm	1.33	1.84	5	0	1.85	157	4	1
tacky	0	71	2.2	0.51	0.36	2	31	69	0	0	0	0	100	100	NA	NA	NA	100	100	100	100	100	2	2	0	0	2	N/A	0	tacky	2.63	2.13	5	7	1.6	294	4	2
tag	0	65	2.1	0.39	0.57	2	43	57	0	0	0	0	100	100	NA	NA	NA	100	100	100	100	100	13	9	6	7	0	N/A	1	tag	13.88	2.85	3	38	1	36	3	1
tanner	0	87	1.7	0.83	0.07	2	13	86	1	0	0	0	99	99	NA	NA	NA	99	100	100	100	100	2	2	0	1	1	N/A	0	Tanner	3.69	2.28	6	7	1.55	1502	5	2
tap	0	62	1.6	0.38	0.88	2	60	38	2	0	0	0	98	98	NA	NA	NA	98	100	100	100	100	16	20	8	8	0	541	1	tap	14.75	2.88	3	38	1	36	3	1
tar	0	98	0.7	0.98	1	2	98	2	0	0	0	0	100	100	NA	NA	NA	100	100	100	100	100	4	3	1	3	0	550	1	tar	3.14	2.21	3	41	1	38	3	1
tart	0	66	1.7	0.44	0.81	2	58	42	1	0	0	0	99	99	NA	NA	NA	99	100	100	100	100	4	5	0	2	2	N/A	1	tart	2.39	2.09	4	22	1	201	3	1
tattoo	0	98	0.4	0.98	1	2	98	2	0	0	0	0	100	100	NA	NA	NA	100	100	100	100	100	4	4	1	3	0	N/A	0	tattoo	11.96	2.79	6	0	2.2	443	4	2
taxis	0	90	1.9	0.85	0.13	2	17	83	0	0	0	0	100	100	NA	NA	NA	100	100	100	100	100	3	2	0	3	0	N/A	0	taxis	1.02	1.72	5	2	1.8	157	6	2
tear	0	61	1.9	0.28	0.53	2	39	61	0	0	0	0	100	100	NA	NA	NA	100	100	100	100	100	16	9	11	5	0	550	1	tear	27	3.14	4	22	1	147	3	1
tee	0	88	1.9	0.83	0.25	2	24	76	0	0	0	0	100	100	NA	NA	NA	100	100	100	100	100	6	5	2	4	0	N/A	0	tee	2.16	2.05	3	31	1	27	2	1
temple	0	66	2	0.45	0.88	3	64	33	3	0	0	0	100	97	100	NA	NA	97	100	100	100	100	6	4	0	6	0	547	1	temple	17.55	2.95	6	1	1.8	527	5	2
temporal	0	71	2.5	0.5	0.53	2	44	56	0	0	0	0	100	100	NA	NA	NA	100	100	100	100	100	6	7	0	1	5	N/A	0	temporal	1.35	1.85	8	0	2.55	619	8	3
tend	0	61	1.6	0.31	0.93	2	57	43	0	0	0	0	100	100	NA	NA	NA	100	100	100	100	100	4	3	4	0	0	N/A	1	tend	12.27	2.8	4	12	1.1	125	4	1
tender	0	54	1.8	0.34	0.88	3	52	23	25	0	0	0	100	77	100	NA	NA	77	100	100	100	100	12	18	3	4	5	429	1	tender	8.88	2.66	6	13	1.3	1481	6	2
tense	0	67	1.8	0.45	0.82	2	58	42	0	0	0	0	100	100	NA	NA	NA	100	100	100	100	100	7	8	2	2	3	422	1	tense	10.24	2.72	5	6	1.45	251	4	1
test	0	96	1.3	0.96	1	2	96	3	1	0	0	0	99	99	NA	NA	NA	99	100	100	100	100	7	13	4	3	0	528	1	test	84.08	3.63	4	17	1	116	4	1
thinner	0	82	1.5	0.76	0	2	18	82	0	0	0	0	100	100	NA	NA	NA	100	100	100	100	100	3	1	0	2	1	N/A	0	thinner	2.25	2.06	7	3	1.8	1394	5	2
tick	0	70	1.9	0.55	0.78	3	61	35	4	0	0	0	100	96	100	NA	NA	96	100	100	100	100	9	8	5	4	0	N/A	1	tick	7.25	2.57	4	16	1	121	3	1
tier	0	94	1.2	0.92	1	2	94	6	0	0	0	0	100	100	NA	NA	NA	100	100	100	100	100	4	5	2	2	0	N/A	0	tier	1.06	1.74	4	9	1.15	98	3	1
tip	0	47	1.9	0.26	0.31	4	24	24	42	10	0	0	100	66	90	100	NA	66	90	100	100	100	20	14	11	9	0	483	1	tip	27.63	3.15	3	28	1	26	3	1
tire	0	62	1.8	0.31	0.56	2	42	58	0	0	0	0	100	100	NA	NA	NA	100	100	100	100	100	5	5	4	1	0	511	1	tire	12.37	2.8	4	18	1	121	4	2
tit	0	86	1.7	0.82	0	2	11	86	3	0	0	0	97	97	NA	NA	NA	97	100	100	100	100	4	3	0	4	0	N/A	0	tit	3.35	2.24	3	33	1	30	3	1
titanic	0	84	2.3	0.77	0	2	11	77	12	0	0	0	88	88	NA	NA	NA	89	100	100	100	100	3	1	0	0	3	N/A	0	Titanic	2.51	2.11	7	1	2.6	472	7	3
toast	0	61	1.5	0.31	0.89	2	59	41	0	0	0	0	100	100	NA	NA	NA	100	100	100	100	100	9	6	5	4	0	594	1	toast	33.47	3.23	5	3	1.7	241	4	1
toaster	0	87	2.1	0.81	1	2	87	13	0	0	0	0	100	100	NA	NA	NA	100	100	100	100	100	2	2	0	2	0	580	1	toaster	3.88	2.3	7	4	1.7	1681	6	2
toil	0	70	2.6	0.46	0.86	2	62	38	0	0	0	0	100	100	NA	NA	NA	100	100	100	100	100	4	2	2	2	0	393	1	toil	1	1.72	4	9	1.25	104	3	1
toll	0	80	2.2	0.69	0.11	2	20	80	0	0	0	0	100	100	NA	NA	NA	100	100	100	100	100	7	5	3	4	0	419	1	toll	3.35	2.24	4	18	1	189	3	1
tot	0	81	2.7	0.68	0.88	2	75	18	8	0	0	0	92	92	NA	NA	NA	92	100	100	100	100	3	3	2	1	0	N/A	0	Tot	1.06	1.74	3	38	1	35	3	1
tow	0	91	2	0.87	1	2	91	9	0	0	0	0	100	100	NA	NA	NA	100	100	100	100	100	7	2	1	5	1	406	1	tow	5.78	2.47	3	35	1	35	2	1
tower	0	95	1.1	0.94	1	2	95	5	0	0	0	0	100	100	NA	NA	NA	100	100	100	100	100	4	4	2	2	0	596	1	tower	22.84	3.07	5	13	1.2	445	4	2
trace	0	94	1.2	0.92	1	2	94	6	0	0	0	0	100	100	NA	NA	NA	100	100	100	100	100	12	14	7	5	0	384	1	trace	19.39	3	5	7	1.35	294	4	1
tract	0	88	2.1	0.82	0.93	2	86	14	0	0	0	0	100	100	NA	NA	NA	100	100	100	100	100	3	4	0	3	0	N/A	0	tract	1.43	1.87	5	4	1.7	256	5	1
trap	0	90	1.9	0.9	1	3	90	7	3	0	0	0	100	97	100	NA	NA	97	100	100	100	100	14	12	5	9	0	N/A	1	trap	23.84	3.09	4	9	1.25	102	4	1
troll	0	81	2.2	0.73	0.18	2	24	73	4	0	0	0	96	96	NA	NA	NA	96	100	100	100	100	5	11	4	1	0	N/A	0	troll	2.71	2.14	5	2	1.7	242	4	1
truck	0	89	2.5	0.84	1	2	89	6	4	0	0	0	96	96	NA	NA	NA	96	100	100	100	100	12	3	6	6	0	621	1	truck	72.86	3.57	5	4	1.6	194	4	1
tuna	0	98	0.5	0.98	1	2	98	2	0	0	0	0	100	100	NA	NA	NA	100	100	100	100	100	4	4	0	4	0	N/A	1	tuna	8	2.61	4	6	1.5	111	4	2
twit	0	83	2.3	0.73	0.07	2	18	82	0	0	0	0	100	100	NA	NA	NA	100	100	100	100	100	3	3	1	2	0	N/A	0	twit	1.39	1.86	4	5	1.4	52	4	1
undone	0	59	1.7	0.23	0.72	2	45	55	0	0	0	0	100	100	NA	NA	NA	100	100	100	100	100	5	4	1	0	4	N/A	0	undone	2.45	2.1	6	1	2	314	5	2
utter	0	61	1.4	0.35	0.6	2	51	45	5	0	0	0	95	95	NA	NA	NA	95	100	100	100	100	2	6	1	0	1	370	0	utter	5.04	2.41	5	3	1.4	390	4	2
van	0	94	0.8	0.94	0	2	6	94	0	0	0	0	100	100	NA	NA	NA	100	100	100	100	100	2	4	0	2	0	572	1	Van	51.78	3.42	3	25	1	25	3	1
vault	0	73	1.6	0.6	0.53	2	46	54	0	0	0	0	100	100	NA	NA	NA	100	100	100	100	100	11	6	6	5	0	550	1	vault	12.04	2.79	5	4	1.75	114	4	1
verse	0	80	2.3	0.69	0.93	2	80	20	0	0	0	0	100	100	NA	NA	NA	100	100	100	100	100	5	5	1	4	0	489	1	verse	4.67	2.38	5	7	1.5	271	3	1
vet	0	61	1.7	0.31	0.94	2	60	40	0	0	0	0	100	100	NA	NA	NA	100	100	100	100	100	4	6	2	2	0	494	1	vet	5.8	2.47	3	22	1	23	3	1
vice	0	85	2.4	0.76	0.93	2	78	22	0	0	0	0	100	100	NA	NA	NA	100	100	100	100	100	7	2	1	6	0	413	1	vice	18.63	2.98	4	17	1	83	3	1
waffle	0	87	2.1	0.81	0.94	2	82	15	3	0	0	0	97	97	NA	NA	NA	97	100	100	100	100	4	2	1	2	1	N/A	0	waffle	2.12	2.04	6	3	1.75	477	4	2
wax	0	80	2.2	0.71	0.93	2	80	17	3	0	0	0	97	97	NA	NA	NA	97	100	100	100	100	8	4	4	4	0	547	1	wax	9.04	2.66	3	19	1	21	4	1
weed	0	97	1.3	0.95	0.94	2	96	1	4	0	0	0	96	96	NA	NA	NA	99	100	100	100	100	7	4	3	4	0	596	1	weed	11.76	2.78	4	17	1	156	3	1
whale	0	76	2.1	0.65	0.8	2	66	32	2	0	0	0	98	98	NA	NA	NA	98	100	100	100	100	3	3	2	1	0	623	1	whale	11.25	2.76	5	4	1.6	236	3	1
wind	1	69	2.4	0.46	0.93	2	64	36	0	0	0	0	100	100	NA	NA	NA	100	100	100	100	100	25	15	14	11	0	535	1	wind	59.37	3.48	4	19	1	166	4	1
wise	0	86	2	0.8	0.94	2	85	15	0	0	0	0	100	100	NA	NA	NA	100	100	100	100	100	6	7	0	1	5	412	1	wise	28.47	3.16	4	14	1.05	101	3	1
wit	0	94	1.3	0.93	1	2	94	6	0	0	0	0	100	100	NA	NA	NA	100	100	100	100	100	5	3	0	5	0	N/A	1	wit	5.92	2.48	3	25	1	24	3	1
woof	0	94	1.4	0.92	0	2	6	94	0	0	0	0	100	100	NA	NA	NA	100	100	100	100	100	4	1	0	3	0	N/A	0	Woof	2.76	2.15	4	12	1.1	121	3	1
wound	1	76	2.3	0.61	0.89	2	73	27	0	0	0	0	100	100	NA	NA	NA	100	100	100	100	100	5	7	3	2	0	570	1	wound	26.53	3.13	5	8	1.55	197	4	1
wrinkle	0	96	1.2	0.94	1	2	96	4	0	0	0	0	100	100	NA	NA	NA	100	100	100	100	100	6	7	3	3	0	N/A	1	wrinkle	1.88	1.99	7	2	1.75	658	5	2
yard	0	58	2	0.24	0.68	2	42	56	2	0	0	0	98	98	NA	NA	NA	98	100	100	100	100	6	9	1	5	0	568	1	yard	25.06	3.11	4	14	1.15	168	3	1
yen	0	90	2.1	0.85	0.79	2	81	19	0	0	0	0	100	100	NA	NA	NA	100	100	100	100	100	3	3	1	2	0	N/A	0	yen	6.12	2.5	3	29	1	28	3	1
zip	0	71	2.3	0.5	0.4	2	33	67	0	0	0	0	100	100	NA	NA	NA	100	100	100	100	100	6	6	4	2	0	N/A	0	zip	7.63	2.59	3	17	1.1	17	3	1
